-0.000000,-0.000000,-0.000000,-0.000000,-0.000000,-0.000000,-0.000000,-0.000000,-0.000000,-0.000000,-0.000000,-0.000000,-0.000000,-0.000000,-0.000000,-0.000000,-0.000000,-0.000000,-0.000000,-0.000000,-0.000000,-0.000000,-0.000000,-0.000000,-0.000000,-0.000000,-0.000000,-0.000000,-0.000000,-0.000000,-0.000000,-0.000000,-0.000000,-0.000000,-0.000000,-0.000000,-0.000000,-0.000000,-0.000000,-0.000000,-0.000000,-0.000000,-0.000000,-0.000000,-0.000000,-0.000000,-0.000000,-0.000000,-0.000000,-0.000000,-0.000000,-0.000000,-0.000000,-0.000000,-0.000000,-0.000000,-0.000000,-0.000000,-0.000000,-0.000000,-0.000000,-0.000000,-0.000000,-0.000000,-0.000000,-0.000000,-0.000000,-0.000000,-0.000000,-0.000000,-0.000000,-0.000000,-0.000000,-0.000000,-0.000000,-0.000000,-0.000000,-0.000000,-0.000000,-0.000000,-0.000000,-0.000000,-0.000000,-0.000000,-0.000000,-0.000000,-0.000000,-0.000000,-0.000000,-0.000000,-0.000000,-0.000000,-0.000000,-0.000000,-0.000000,-0.000000,-0.000000,-0.000000,-0.000000,-0.000000,-0.000000,-0.000000,-0.000000,-0.000000,-0.000000,-0.000000,-0.000000,-0.000000,-0.000000,-0.000000,-0.000000,-0.000000,-0.000000,-0.000000,-0.000000,-0.000000,-0.000000,-0.000000,-0.000000,-0.000000,-0.000000,-0.000000,-0.000000,-0.000000,-0.000000,-0.000000,-0.000000,-0.000000
-0.000006,0.000005,0.000008,0.000001,0.000010,0.000010,0.000010,0.000018,0.000010,0.000005,0.000009,0.000009,0.000012,0.000005,0.000011,0.000008,0.000003,0.000008,0.000006,0.000006,0.000005,0.000000,0.000006,0.000004,0.000001,0.000006,-0.000001,0.000001,0.000004,0.000000,0.000002,0.000002,-0.000000,0.000003,0.000003,0.000001,0.000003,0.000003,0.000002,0.000004,0.000002,0.000002,0.000003,0.000001,0.000001,0.000003,0.000000,-0.000002,-0.000001,-0.000003,-0.000006,-0.000006,-0.000005,0.000006,0.000016,-0.000002,-0.000018,0.000003,0.000005,-0.000007,0.000002,-0.000003,-0.000001,0.000002,-0.000004,0.000001,-0.000000,0.000000,-0.000001,-0.000000,0.000001,0.000000,0.000001,0.000002,0.000002,0.000001,0.000002,0.000001,0.000001,0.000002,0.000001,0.000001,0.000000,0.000001,0.000000,-0.000000,-0.000000,-0.000000,0.000000,-0.000000,-0.000001,-0.000000,-0.000001,-0.000001,-0.000001,-0.000002,-0.000002,-0.000003,-0.000004,-0.000003,-0.000005,-0.000005,-0.000005,-0.000006,-0.000006,-0.000006,-0.000007,-0.000006,-0.000007,-0.000008,-0.000007,-0.000007,-0.000007,-0.000007,-0.000007,-0.000007,-0.000006,-0.000007,-0.000007,-0.000007,-0.000009,-0.000011,-0.000012,-0.000011,-0.000009,-0.000006,-0.000002,0.000000
-0.000023,0.000008,0.000020,0.000010,0.000026,0.000029,0.000035,0.000031,0.000030,0.000021,0.000031,0.000030,0.000031,0.000026,0.000028,0.000031,0.000019,0.000025,0.000024,0.000017,0.000022,0.000015,0.000015,0.000018,0.000009,0.000011,0.000012,0.000006,0.000008,0.000008,0.000003,0.000006,0.000005,0.000002,0.000005,0.000004,0.000002,0.000003,0.000002,0.000002,0.000002,0.000001,0.000003,0.000003,0.000001,0.000001,0.000000,-0.000006,-0.000008,-0.000006,-0.000014,-0.000019,0.000001,0.000030,0.000017,-0.000025,-0.000014,0.000017,-0.000008,-0.000007,0.000007,-0.000008,0.000002,-0.000001,-0.000001,0.000001,-0.000002,0.000003,0.000001,0.000001,0.000002,0.000004,0.000004,0.000005,0.000004,0.000005,0.000005,0.000005,0.000003,0.000004,0.000003,0.000003,0.000002,0.000001,0.000002,0.000001,0.000001,0.000000,-0.000000,0.000000,-0.000001,-0.000002,-0.000002,-0.000004,-0.000005,-0.000007,-0.000009,-0.000009,-0.000012,-0.000012,-0.000013,-0.000016,-0.000015,-0.000016,-0.000018,-0.000017,-0.000019,-0.000019,-0.000019,-0.000021,-0.000021,-0.000020,-0.000021,-0.000021,-0.000022,-0.000023,-0.000023,-0.000023,-0.000025,-0.000027,-0.000030,-0.000034,-0.000033,-0.000029,-0.000025,-0.000018,-0.000008,-0.000003
0.000007,0.000024,0.000031,0.000028,0.000049,0.000049,0.000050,0.000048,0.000045,0.000041,0.000051,0.000055,0.000047,0.000053,0.000053,0.000050,0.000045,0.000044,0.000045,0.000039,0.000039,0.000036,0.000031,0.000031,0.000029,0.000025,0.000024,0.000021,0.000017,0.000018,0.000016,0.000012,0.000011,0.000011,0.000008,0.000008,0.000008,0.000004,0.000003,0.000004,0.000002,0.000000,0.000001,0.000001,-0.000003,-0.000005,-0.000008,-0.000013,-0.000018,-0.000023,-0.000029,-0.000020,0.000014,0.000039,-0.000000,-0.000041,-0.000001,0.000016,-0.000017,-0.000002,0.000001,-0.000004,0.000003,-0.000005,0.000005,0.000002,0.000001,0.000005,0.000004,0.000006,0.000005,0.000008,0.000009,0.000011,0.000009,0.000009,0.000008,0.000009,0.000008,0.000006,0.000006,0.000006,0.000006,0.000003,0.000004,0.000004,0.000002,0.000001,-0.000001,-0.000001,-0.000002,-0.000006,-0.000007,-0.000009,-0.000012,-0.000013,-0.000017,-0.000019,-0.000020,-0.000023,-0.000024,-0.000027,-0.000029,-0.000029,-0.000032,-0.000033,-0.000033,-0.000036,-0.000037,-0.000037,-0.000040,-0.000040,-0.000041,-0.000043,-0.000044,-0.000045,-0.000048,-0.000049,-0.000050,-0.000055,-0.000058,-0.000059,-0.000058,-0.000053,-0.000046,-0.000035,-0.000019,-0.000010
0.000010,0.000032,0.000053,0.000060,0.000075,0.000079,0.000079,0.000071,0.000068,0.000069,0.000077,0.000076,0.000073,0.000077,0.000074,0.000070,0.000069,0.000066,0.000065,0.000063,0.000058,0.000055,0.000052,0.000050,0.000046,0.000041,0.000039,0.000034,0.000032,0.000029,0.000025,0.000024,0.000020,0.000019,0.000018,0.000013,0.000012,0.000012,0.000007,0.000006,0.000008,0.000003,0.000001,0.000003,-0.000005,-0.000012,-0.000013,-0.000020,-0.000034,-0.000042,-0.000037,-0.000012,0.000028,0.000026,-0.000030,-0.000039,0.000005,-0.000003,-0.000019,-0.000002,-0.000008,-0.000002,-0.000001,-0.000003,0.000005,0.000003,0.000007,0.000008,0.000008,0.000011,0.000012,0.000014,0.000014,0.000015,0.000015,0.000014,0.000013,0.000014,0.000014,0.000011,0.000011,0.000011,0.000010,0.000009,0.000007,0.000006,0.000004,0.000002,-0.000001,-0.000004,-0.000006,-0.000009,-0.000012,-0.000015,-0.000019,-0.000021,-0.000024,-0.000028,-0.000031,-0.000034,-0.000037,-0.000039,-0.000043,-0.000046,-0.000047,-0.000050,-0.000052,-0.000055,-0.000058,-0.000059,-0.000061,-0.000064,-0.000066,-0.000069,-0.000071,-0.000073,-0.000075,-0.000079,-0.000081,-0.000084,-0.000087,-0.000087,-0.000086,-0.000083,-0.000073,-0.000056,-0.000032,-0.000018
0.000006,0.000041,0.000075,0.000085,0.000113,0.000112,0.000108,0.000096,0.000099,0.000103,0.000108,0.000105,0.000098,0.000105,0.000097,0.000095,0.000095,0.000086,0.000088,0.000083,0.000078,0.000078,0.000069,0.000068,0.000064,0.000058,0.000056,0.000050,0.000044,0.000042,0.000037,0.000033,0.000030,0.000025,0.000022,0.000020,0.000015,0.000014,0.000012,0.000008,0.000009,0.000008,0.000002,-0.000001,-0.000004,-0.000013,-0.000021,-0.000031,-0.000047,-0.000052,-0.000030,0.000010,0.000030,-0.000003,-0.000042,-0.000029,-0.000006,-0.000015,-0.000018,-0.000012,-0.000011,-0.000005,-0.000006,-0.000002,0.000004,0.000003,0.000008,0.000010,0.000012,0.000014,0.000017,0.000019,0.000019,0.000020,0.000020,0.000020,0.000020,0.000020,0.000020,0.000019,0.000018,0.000017,0.000015,0.000013,0.000010,0.000007,0.000005,0.000002,-0.000002,-0.000005,-0.000009,-0.000012,-0.000016,-0.000020,-0.000024,-0.000029,-0.000033,-0.000037,-0.000042,-0.000046,-0.000050,-0.000054,-0.000057,-0.000061,-0.000065,-0.000068,-0.000072,-0.000076,-0.000080,-0.000084,-0.000086,-0.000089,-0.000093,-0.000096,-0.000100,-0.000103,-0.000105,-0.000109,-0.000112,-0.000115,-0.000118,-0.000121,-0.000120,-0.000114,-0.000101,-0.000078,-0.000045,-0.000026
0.000023,0.000049,0.000093,0.000118,0.000141,0.000139,0.000133,0.000124,0.000131,0.000142,0.000135,0.000135,0.000129,0.000133,0.000127,0.000120,0.000121,0.000109,0.000109,0.000107,0.000097,0.000096,0.000089,0.000084,0.000083,0.000075,0.000070,0.000066,0.000060,0.000055,0.000052,0.000046,0.000040,0.000036,0.000031,0.000025,0.000022,0.000019,0.000014,0.000010,0.000009,0.000006,-0.000001,-0.000006,-0.000009,-0.000020,-0.000036,-0.000047,-0.000056,-0.000051,-0.000015,0.000023,0.000014,-0.000025,-0.000038,-0.000025,-0.000015,-0.000018,-0.000021,-0.000012,-0.000013,-0.000009,-0.000005,-0.000003,0.000002,0.000005,0.000009,0.000010,0.000013,0.000016,0.000019,0.000021,0.000022,0.000023,0.000024,0.000026,0.000027,0.000026,0.000026,0.000025,0.000024,0.000021,0.000019,0.000017,0.000013,0.000010,0.000006,0.000003,-0.000001,-0.000005,-0.000009,-0.000014,-0.000019,-0.000024,-0.000030,-0.000035,-0.000041,-0.000046,-0.000051,-0.000057,-0.000063,-0.000068,-0.000073,-0.000078,-0.000083,-0.000089,-0.000093,-0.000098,-0.000103,-0.000107,-0.000112,-0.000116,-0.000121,-0.000126,-0.000130,-0.000133,-0.000137,-0.000140,-0.000144,-0.000148,-0.000153,-0.000156,-0.000153,-0.000144,-0.000128,-0.000102,-0.000059,-0.000036
0.000035,0.000065,0.000121,0.000147,0.000169,0.000167,0.000158,0.000159,0.000164,0.000173,0.000164,0.000165,0.000161,0.000160,0.000158,0.000148,0.000147,0.000139,0.000132,0.000130,0.000121,0.000115,0.000110,0.000102,0.000096,0.000091,0.000084,0.000078,0.000073,0.000067,0.000060,0.000057,0.000050,0.000042,0.000040,0.000036,0.000028,0.000026,0.000023,0.000014,0.000011,0.000008,-0.000003,-0.000009,-0.000016,-0.000034,-0.000052,-0.000061,-0.000063,-0.000043,-0.000004,0.000012,-0.000010,-0.000031,-0.000038,-0.000034,-0.000016,-0.000023,-0.000024,-0.000009,-0.000015,-0.000006,-0.000003,0.000001,0.000006,0.000006,0.000011,0.000013,0.000015,0.000017,0.000021,0.000024,0.000026,0.000026,0.000029,0.000030,0.000032,0.000030,0.000030,0.000028,0.000027,0.000024,0.000021,0.000020,0.000016,0.000013,0.000009,0.000004,0.000000,-0.000005,-0.000011,-0.000016,-0.000023,-0.000028,-0.000034,-0.000041,-0.000047,-0.000055,-0.000061,-0.000068,-0.000076,-0.000082,-0.000089,-0.000096,-0.000101,-0.000108,-0.000114,-0.000119,-0.000126,-0.000132,-0.000137,-0.000145,-0.000151,-0.000156,-0.000160,-0.000164,-0.000168,-0.000173,-0.000179,-0.000184,-0.000188,-0.000189,-0.000185,-0.000176,-0.000158,-0.000126,-0.000075,-0.000047
0.000044,0.000079,0.000144,0.000178,0.000198,0.000197,0.000192,0.000193,0.000197,0.000204,0.000194,0.000193,0.000190,0.000188,0.000185,0.000176,0.000174,0.000165,0.000158,0.000154,0.000145,0.000139,0.000131,0.000123,0.000116,0.000109,0.000102,0.000093,0.000086,0.000079,0.000069,0.000062,0.000058,0.000049,0.000043,0.000040,0.000033,0.000027,0.000026,0.000019,0.000009,0.000007,0.000002,-0.000015,-0.000028,-0.000039,-0.000061,-0.000072,-0.000057,-0.000027,-0.000007,-0.000012,-0.000022,-0.000031,-0.000053,-0.000041,-0.000017,-0.000035,-0.000024,-0.000011,-0.000016,-0.000003,-0.000003,0.000005,0.000009,0.000010,0.000014,0.000016,0.000021,0.000022,0.000026,0.000029,0.000032,0.000031,0.000033,0.000034,0.000034,0.000033,0.000031,0.000031,0.000029,0.000027,0.000024,0.000022,0.000019,0.000014,0.000010,0.000004,-0.000000,-0.000005,-0.000012,-0.000017,-0.000024,-0.000031,-0.000037,-0.000046,-0.000054,-0.000062,-0.000072,-0.000079,-0.000089,-0.000097,-0.000103,-0.000112,-0.000119,-0.000125,-0.000133,-0.000140,-0.000148,-0.000158,-0.000166,-0.000174,-0.000181,-0.000185,-0.000189,-0.000196,-0.000201,-0.000207,-0.000214,-0.000219,-0.000222,-0.000223,-0.000221,-0.000210,-0.000189,-0.000152,-0.000092,-0.000058
0.000058,0.000093,0.000168,0.000205,0.000225,0.000228,0.000225,0.000233,0.000231,0.000239,0.000227,0.000225,0.000221,0.000216,0.000212,0.000202,0.000199,0.000190,0.000182,0.000177,0.000168,0.000160,0.000152,0.000143,0.000134,0.000127,0.000119,0.000110,0.000099,0.000092,0.000083,0.000073,0.000068,0.000059,0.000049,0.000044,0.000038,0.000028,0.000024,0.000017,0.000007,0.000001,-0.000007,-0.000024,-0.000039,-0.000052,-0.000069,-0.000073,-0.000047,-0.000015,-0.000019,-0.000030,-0.000018,-0.000035,-0.000067,-0.000037,-0.000023,-0.000042,-0.000023,-0.000018,-0.000014,-0.000004,-0.000005,0.000006,0.000007,0.000011,0.000015,0.000018,0.000025,0.000028,0.000032,0.000035,0.000038,0.000038,0.000037,0.000038,0.000038,0.000038,0.000036,0.000035,0.000033,0.000031,0.000028,0.000023,0.000020,0.000016,0.000011,0.000006,0.000000,-0.000004,-0.000011,-0.000019,-0.000026,-0.000035,-0.000043,-0.000052,-0.000063,-0.000072,-0.000082,-0.000091,-0.000100,-0.000110,-0.000118,-0.000125,-0.000135,-0.000143,-0.000153,-0.000164,-0.000174,-0.000185,-0.000195,-0.000202,-0.000207,-0.000213,-0.000219,-0.000228,-0.000236,-0.000242,-0.000248,-0.000253,-0.000257,-0.000259,-0.000257,-0.000243,-0.000218,-0.000178,-0.000109,-0.000069
0.000074,0.000110,0.000190,0.000233,0.000249,0.000262,0.000261,0.000269,0.000263,0.000271,0.000263,0.000254,0.000256,0.000246,0.000242,0.000235,0.000224,0.000218,0.000208,0.000198,0.000192,0.000181,0.000171,0.000163,0.000152,0.000144,0.000134,0.000123,0.000111,0.000104,0.000094,0.000083,0.000076,0.000067,0.000056,0.000050,0.000044,0.000032,0.000024,0.000018,0.000007,-0.000007,-0.000017,-0.000031,-0.000053,-0.000071,-0.000078,-0.000066,-0.000038,-0.000027,-0.000040,-0.000031,-0.000018,-0.000051,-0.000065,-0.000033,-0.000031,-0.000036,-0.000021,-0.000020,-0.000011,-0.000006,-0.000005,0.000004,0.000004,0.000011,0.000015,0.000020,0.000026,0.000031,0.000035,0.000037,0.000039,0.000041,0.000043,0.000043,0.000044,0.000045,0.000044,0.000041,0.000038,0.000036,0.000033,0.000029,0.000025,0.000021,0.000016,0.000010,0.000003,-0.000004,-0.000012,-0.000021,-0.000031,-0.000041,-0.000051,-0.000061,-0.000071,-0.000082,-0.000092,-0.000102,-0.000111,-0.000121,-0.000132,-0.000142,-0.000152,-0.000164,-0.000176,-0.000189,-0.000202,-0.000211,-0.000219,-0.000226,-0.000233,-0.000243,-0.000254,-0.000261,-0.000269,-0.000277,-0.000282,-0.000289,-0.000293,-0.000294,-0.000290,-0.000277,-0.000251,-0.000205,-0.000125,-0.000079
0.000080,0.000124,0.000214,0.000261,0.000282,0.000300,0.000299,0.000302,0.000299,0.000303,0.000297,0.000285,0.000287,0.000278,0.000270,0.000265,0.000251,0.000245,0.000235,0.000222,0.000215,0.000205,0.000193,0.000184,0.000173,0.000159,0.000150,0.000140,0.000125,0.000115,0.000105,0.000091,0.000082,0.000074,0.000061,0.000051,0.000046,0.000032,0.000022,0.000018,0.000003,-0.000012,-0.000021,-0.000041,-0.000068,-0.000082,-0.000076,-0.000056,-0.000043,-0.000051,-0.000052,-0.000028,-0.000031,-0.000066,-0.000063,-0.000035,-0.000034,-0.000034,-0.000021,-0.000018,-0.000010,-0.000007,-0.000003,0.000003,0.000005,0.000013,0.000017,0.000022,0.000026,0.000031,0.000036,0.000038,0.000041,0.000044,0.000047,0.000049,0.000049,0.000050,0.000049,0.000049,0.000046,0.000044,0.000042,0.000038,0.000034,0.000027,0.000021,0.000014,0.000005,-0.000004,-0.000014,-0.000024,-0.000034,-0.000045,-0.000056,-0.000068,-0.000078,-0.000089,-0.000101,-0.000112,-0.000124,-0.000135,-0.000147,-0.000160,-0.000172,-0.000186,-0.000201,-0.000214,-0.000226,-0.000235,-0.000243,-0.000253,-0.000265,-0.000276,-0.000286,-0.000294,-0.000302,-0.000311,-0.000318,-0.000323,-0.000329,-0.000330,-0.000326,-0.000313,-0.000284,-0.000231,-0.000140,-0.000089
0.000090,0.000137,0.000234,0.000291,0.000317,0.000338,0.000337,0.000339,0.000338,0.000338,0.000330,0.000321,0.000319,0.000308,0.000300,0.000294,0.000281,0.000271,0.000262,0.000249,0.000237,0.000228,0.000215,0.000201,0.000191,0.000176,0.000164,0.000155,0.000140,0.000126,0.000119,0.000103,0.000089,0.000082,0.000068,0.000053,0.000045,0.000033,0.000018,0.000008,0.000000,-0.000019,-0.000039,-0.000056,-0.000079,-0.000087,-0.000067,-0.000048,-0.000058,-0.000070,-0.000047,-0.000028,-0.000050,-0.000070,-0.000062,-0.000040,-0.000037,-0.000038,-0.000024,-0.000022,-0.000014,-0.000010,-0.000003,0.000003,0.000007,0.000015,0.000019,0.000024,0.000028,0.000033,0.000038,0.000043,0.000045,0.000049,0.000051,0.000055,0.000054,0.000057,0.000057,0.000057,0.000056,0.000053,0.000051,0.000046,0.000040,0.000034,0.000025,0.000018,0.000008,-0.000002,-0.000013,-0.000024,-0.000035,-0.000047,-0.000059,-0.000072,-0.000085,-0.000097,-0.000110,-0.000123,-0.000136,-0.000149,-0.000163,-0.000178,-0.000194,-0.000210,-0.000224,-0.000237,-0.000249,-0.000260,-0.000272,-0.000285,-0.000297,-0.000308,-0.000318,-0.000329,-0.000339,-0.000346,-0.000353,-0.000360,-0.000366,-0.000368,-0.000363,-0.000348,-0.000316,-0.000258,-0.000156,-0.000098
0.000096,0.000149,0.000255,0.000323,0.000354,0.000375,0.000373,0.000377,0.000378,0.000371,0.000365,0.000356,0.000351,0.000341,0.000331,0.000323,0.000310,0.000299,0.000289,0.000276,0.000263,0.000252,0.000238,0.000221,0.000209,0.000195,0.000177,0.000167,0.000153,0.000135,0.000125,0.000113,0.000096,0.000087,0.000076,0.000056,0.000045,0.000036,0.000018,0.000006,-0.000006,-0.000030,-0.000056,-0.000075,-0.000088,-0.000086,-0.000065,-0.000058,-0.000079,-0.000077,-0.000043,-0.000036,-0.000056,-0.000071,-0.000063,-0.000036,-0.000044,-0.000044,-0.000027,-0.000029,-0.000020,-0.000015,-0.000006,0.000000,0.000005,0.000013,0.000018,0.000025,0.000031,0.000038,0.000044,0.000050,0.000053,0.000057,0.000060,0.000064,0.000065,0.000065,0.000067,0.000066,0.000064,0.000060,0.000056,0.000052,0.000045,0.000039,0.000030,0.000022,0.000012,0.000001,-0.000009,-0.000022,-0.000035,-0.000047,-0.000062,-0.000076,-0.000090,-0.000105,-0.000118,-0.000132,-0.000148,-0.000163,-0.000181,-0.000199,-0.000216,-0.000232,-0.000247,-0.000260,-0.000274,-0.000288,-0.000302,-0.000315,-0.000328,-0.000340,-0.000353,-0.000365,-0.000374,-0.000382,-0.000390,-0.000398,-0.000403,-0.000405,-0.000401,-0.000386,-0.000350,-0.000284,-0.000172,-0.000108
0.000098,0.000161,0.000279,0.000359,0.000393,0.000409,0.000412,0.000415,0.000419,0.000406,0.000402,0.000394,0.000384,0.000376,0.000362,0.000353,0.000341,0.000326,0.000315,0.000303,0.000287,0.000273,0.000260,0.000242,0.000229,0.000214,0.000195,0.000183,0.000168,0.000148,0.000134,0.000121,0.000101,0.000087,0.000075,0.000057,0.000041,0.000033,0.000020,-0.000001,-0.000017,-0.000039,-0.000069,-0.000088,-0.000089,-0.000077,-0.000069,-0.000083,-0.000094,-0.000073,-0.000052,-0.000050,-0.000057,-0.000079,-0.000066,-0.000037,-0.000052,-0.000047,-0.000034,-0.000033,-0.000022,-0.000020,-0.000009,-0.000003,0.000002,0.000010,0.000017,0.000027,0.000035,0.000043,0.000050,0.000057,0.000063,0.000067,0.000071,0.000075,0.000077,0.000076,0.000076,0.000075,0.000073,0.000069,0.000064,0.000059,0.000052,0.000045,0.000036,0.000026,0.000016,0.000005,-0.000008,-0.000021,-0.000036,-0.000049,-0.000064,-0.000080,-0.000094,-0.000109,-0.000124,-0.000140,-0.000160,-0.000179,-0.000199,-0.000219,-0.000236,-0.000252,-0.000268,-0.000284,-0.000300,-0.000316,-0.000331,-0.000346,-0.000362,-0.000376,-0.000389,-0.000400,-0.000409,-0.000420,-0.000430,-0.000436,-0.000442,-0.000445,-0.000442,-0.000424,-0.000383,-0.000311,-0.000188,-0.000118
0.000096,0.000173,0.000307,0.000393,0.000432,0.000445,0.000455,0.000456,0.000456,0.000443,0.000437,0.000432,0.000418,0.000410,0.000398,0.000384,0.000374,0.000358,0.000343,0.000332,0.000310,0.000294,0.000282,0.000261,0.000245,0.000232,0.000211,0.000195,0.000182,0.000161,0.000144,0.000131,0.000110,0.000089,0.000076,0.000057,0.000040,0.000029,0.000011,-0.000013,-0.000033,-0.000056,-0.000083,-0.000096,-0.000084,-0.000071,-0.000084,-0.000102,-0.000092,-0.000071,-0.000064,-0.000055,-0.000064,-0.000091,-0.000070,-0.000052,-0.000066,-0.000052,-0.000044,-0.000038,-0.000025,-0.000023,-0.000013,-0.000006,0.000004,0.000013,0.000021,0.000032,0.000041,0.000049,0.000056,0.000064,0.000071,0.000076,0.000079,0.000083,0.000086,0.000088,0.000087,0.000086,0.000084,0.000081,0.000075,0.000068,0.000062,0.000053,0.000044,0.000032,0.000020,0.000008,-0.000006,-0.000021,-0.000036,-0.000050,-0.000065,-0.000081,-0.000097,-0.000113,-0.000133,-0.000153,-0.000175,-0.000197,-0.000216,-0.000234,-0.000253,-0.000271,-0.000291,-0.000310,-0.000326,-0.000344,-0.000363,-0.000379,-0.000396,-0.000411,-0.000423,-0.000436,-0.000449,-0.000459,-0.000468,-0.000476,-0.000483,-0.000488,-0.000482,-0.000461,-0.000418,-0.000339,-0.000204,-0.000128
0.000100,0.000187,0.000335,0.000429,0.000469,0.000482,0.000499,0.000497,0.000496,0.000484,0.000474,0.000470,0.000455,0.000442,0.000433,0.000415,0.000405,0.000391,0.000371,0.000359,0.000340,0.000319,0.000306,0.000285,0.000263,0.000249,0.000227,0.000206,0.000193,0.000172,0.000149,0.000136,0.000115,0.000090,0.000076,0.000064,0.000041,0.000022,0.000005,-0.000024,-0.000052,-0.000075,-0.000096,-0.000100,-0.000084,-0.000081,-0.000105,-0.000112,-0.000086,-0.000075,-0.000071,-0.000056,-0.000078,-0.000101,-0.000078,-0.000069,-0.000076,-0.000060,-0.000054,-0.000045,-0.000036,-0.000029,-0.000014,-0.000006,0.000008,0.000019,0.000028,0.000038,0.000048,0.000058,0.000064,0.000071,0.000077,0.000084,0.000089,0.000093,0.000097,0.000099,0.000099,0.000097,0.000095,0.000092,0.000087,0.000080,0.000072,0.000063,0.000052,0.000040,0.000026,0.000012,-0.000002,-0.000016,-0.000032,-0.000048,-0.000065,-0.000082,-0.000101,-0.000122,-0.000145,-0.000168,-0.000189,-0.000210,-0.000230,-0.000250,-0.000273,-0.000294,-0.000313,-0.000333,-0.000353,-0.000373,-0.000394,-0.000411,-0.000428,-0.000446,-0.000461,-0.000474,-0.000487,-0.000499,-0.000508,-0.000518,-0.000526,-0.000529,-0.000524,-0.000502,-0.000454,-0.000367,-0.000222,-0.000141
0.000103,0.000204,0.000366,0.000460,0.000508,0.000523,0.000543,0.000538,0.000537,0.000526,0.000512,0.000510,0.000493,0.000478,0.000470,0.000450,0.000436,0.000421,0.000398,0.000385,0.000366,0.000342,0.000327,0.000309,0.000284,0.000267,0.000247,0.000221,0.000204,0.000184,0.000156,0.000136,0.000116,0.000091,0.000076,0.000062,0.000037,0.000014,-0.000006,-0.000035,-0.000068,-0.000090,-0.000099,-0.000095,-0.000088,-0.000102,-0.000122,-0.000111,-0.000093,-0.000089,-0.000075,-0.000072,-0.000099,-0.000110,-0.000089,-0.000081,-0.000081,-0.000067,-0.000064,-0.000052,-0.000042,-0.000031,-0.000015,-0.000004,0.000009,0.000020,0.000032,0.000042,0.000052,0.000063,0.000072,0.000080,0.000088,0.000096,0.000102,0.000104,0.000108,0.000109,0.000110,0.000109,0.000107,0.000104,0.000098,0.000092,0.000082,0.000072,0.000061,0.000049,0.000036,0.000021,0.000006,-0.000010,-0.000028,-0.000046,-0.000066,-0.000086,-0.000107,-0.000131,-0.000155,-0.000178,-0.000200,-0.000222,-0.000246,-0.000271,-0.000294,-0.000315,-0.000335,-0.000358,-0.000383,-0.000404,-0.000424,-0.000444,-0.000464,-0.000481,-0.000497,-0.000512,-0.000526,-0.000539,-0.000550,-0.000561,-0.000571,-0.000573,-0.000566,-0.000543,-0.000490,-0.000397,-0.000243,-0.000155
0.000108,0.000222,0.000397,0.000493,0.000552,0.000565,0.000586,0.000581,0.000578,0.000567,0.000551,0.000550,0.000532,0.000516,0.000508,0.000486,0.000469,0.000454,0.000430,0.000412,0.000394,0.000368,0.000348,0.000330,0.000303,0.000281,0.000263,0.000236,0.000213,0.000195,0.000165,0.000138,0.000121,0.000099,0.000073,0.000055,0.000032,0.000001,-0.000024,-0.000052,-0.000085,-0.000103,-0.000097,-0.000089,-0.000101,-0.000122,-0.000123,-0.000109,-0.000108,-0.000103,-0.000088,-0.000098,-0.000121,-0.000123,-0.000099,-0.000092,-0.000092,-0.000075,-0.000070,-0.000055,-0.000043,-0.000028,-0.000014,-0.000005,0.000008,0.000019,0.000032,0.000044,0.000056,0.000069,0.000082,0.000090,0.000100,0.000106,0.000114,0.000117,0.000121,0.000124,0.000125,0.000125,0.000121,0.000117,0.000111,0.000103,0.000095,0.000084,0.000073,0.000060,0.000045,0.000030,0.000013,-0.000005,-0.000023,-0.000042,-0.000063,-0.000088,-0.000113,-0.000138,-0.000163,-0.000186,-0.000212,-0.000238,-0.000264,-0.000289,-0.000312,-0.000336,-0.000361,-0.000387,-0.000411,-0.000434,-0.000457,-0.000479,-0.000499,-0.000516,-0.000535,-0.000553,-0.000567,-0.000580,-0.000593,-0.000606,-0.000615,-0.000617,-0.000610,-0.000584,-0.000528,-0.000429,-0.000263,-0.000169
0.000116,0.000239,0.000427,0.000527,0.000597,0.000609,0.000631,0.000631,0.000620,0.000613,0.000594,0.000589,0.000574,0.000554,0.000544,0.000522,0.000501,0.000487,0.000462,0.000440,0.000423,0.000396,0.000371,0.000353,0.000325,0.000298,0.000278,0.000249,0.000220,0.000199,0.000169,0.000141,0.000125,0.000102,0.000073,0.000050,0.000025,-0.000009,-0.000043,-0.000072,-0.000099,-0.000109,-0.000098,-0.000097,-0.000122,-0.000137,-0.000121,-0.000118,-0.000128,-0.000117,-0.000108,-0.000119,-0.000135,-0.000136,-0.000109,-0.000106,-0.000104,-0.000084,-0.000074,-0.000056,-0.000046,-0.000032,-0.000018,-0.000007,0.000007,0.000021,0.000037,0.000050,0.000065,0.000077,0.000090,0.000099,0.000108,0.000117,0.000126,0.000133,0.000137,0.000140,0.000141,0.000140,0.000137,0.000132,0.000127,0.000118,0.000109,0.000098,0.000085,0.000072,0.000056,0.000040,0.000023,0.000004,-0.000016,-0.000039,-0.000064,-0.000092,-0.000119,-0.000143,-0.000168,-0.000195,-0.000224,-0.000253,-0.000279,-0.000305,-0.000332,-0.000360,-0.000387,-0.000414,-0.000441,-0.000466,-0.000491,-0.000513,-0.000534,-0.000556,-0.000576,-0.000593,-0.000608,-0.000624,-0.000639,-0.000652,-0.000660,-0.000664,-0.000656,-0.000626,-0.000567,-0.000463,-0.000284,-0.000182
0.000126,0.000256,0.000457,0.000564,0.000642,0.000655,0.000675,0.000680,0.000664,0.000658,0.000641,0.000629,0.000620,0.000596,0.000581,0.000562,0.000535,0.000519,0.000496,0.000467,0.000450,0.000423,0.000393,0.000374,0.000347,0.000316,0.000294,0.000265,0.000230,0.000203,0.000176,0.000147,0.000122,0.000099,0.000068,0.000039,0.000014,-0.000023,-0.000060,-0.000087,-0.000105,-0.000107,-0.000101,-0.000115,-0.000142,-0.000143,-0.000133,-0.000144,-0.000149,-0.000137,-0.000130,-0.000130,-0.000149,-0.000148,-0.000119,-0.000121,-0.000110,-0.000090,-0.000082,-0.000066,-0.000057,-0.000041,-0.000025,-0.000008,0.000010,0.000025,0.000044,0.000058,0.000072,0.000084,0.000098,0.000111,0.000121,0.000132,0.000141,0.000148,0.000152,0.000155,0.000157,0.000157,0.000155,0.000150,0.000144,0.000136,0.000126,0.000114,0.000100,0.000086,0.000071,0.000053,0.000034,0.000012,-0.000013,-0.000039,-0.000067,-0.000093,-0.000118,-0.000145,-0.000175,-0.000206,-0.000237,-0.000265,-0.000294,-0.000324,-0.000353,-0.000383,-0.000413,-0.000443,-0.000472,-0.000499,-0.000524,-0.000549,-0.000573,-0.000596,-0.000616,-0.000635,-0.000653,-0.000671,-0.000686,-0.000698,-0.000708,-0.000712,-0.000701,-0.000671,-0.000609,-0.000499,-0.000306,-0.000196
0.000133,0.000274,0.000491,0.000604,0.000688,0.000702,0.000724,0.000730,0.000709,0.000705,0.000688,0.000672,0.000663,0.000637,0.000619,0.000603,0.000573,0.000553,0.000532,0.000500,0.000478,0.000453,0.000417,0.000393,0.000368,0.000332,0.000305,0.000277,0.000237,0.000209,0.000187,0.000152,0.000122,0.000097,0.000063,0.000026,-0.000005,-0.000041,-0.000080,-0.000103,-0.000106,-0.000104,-0.000112,-0.000136,-0.000152,-0.000150,-0.000159,-0.000173,-0.000169,-0.000159,-0.000147,-0.000147,-0.000171,-0.000161,-0.000131,-0.000131,-0.000116,-0.000102,-0.000096,-0.000078,-0.000065,-0.000045,-0.000028,-0.000007,0.000012,0.000027,0.000044,0.000061,0.000080,0.000095,0.000111,0.000125,0.000137,0.000146,0.000155,0.000164,0.000170,0.000174,0.000176,0.000176,0.000174,0.000169,0.000163,0.000154,0.000144,0.000133,0.000119,0.000104,0.000087,0.000068,0.000045,0.000019,-0.000009,-0.000036,-0.000062,-0.000089,-0.000119,-0.000152,-0.000184,-0.000215,-0.000247,-0.000279,-0.000311,-0.000342,-0.000373,-0.000407,-0.000441,-0.000472,-0.000502,-0.000532,-0.000560,-0.000586,-0.000612,-0.000637,-0.000659,-0.000679,-0.000699,-0.000718,-0.000734,-0.000748,-0.000758,-0.000760,-0.000750,-0.000719,-0.000653,-0.000534,-0.000327,-0.000210
0.000143,0.000291,0.000525,0.000644,0.000734,0.000754,0.000773,0.000781,0.000759,0.000755,0.000740,0.000718,0.000708,0.000684,0.000659,0.000641,0.000612,0.000585,0.000566,0.000533,0.000506,0.000483,0.000446,0.000415,0.000389,0.000351,0.000315,0.000284,0.000246,0.000215,0.000190,0.000156,0.000120,0.000092,0.000057,0.000015,-0.000022,-0.000059,-0.000096,-0.000113,-0.000108,-0.000110,-0.000136,-0.000159,-0.000163,-0.000171,-0.000192,-0.000192,-0.000182,-0.000177,-0.000163,-0.000171,-0.000193,-0.000171,-0.000146,-0.000149,-0.000133,-0.000120,-0.000107,-0.000085,-0.000068,-0.000045,-0.000030,-0.000010,0.000010,0.000028,0.000049,0.000069,0.000090,0.000106,0.000122,0.000136,0.000151,0.000164,0.000174,0.000184,0.000190,0.000195,0.000197,0.000196,0.000195,0.000190,0.000184,0.000176,0.000166,0.000154,0.000140,0.000123,0.000104,0.000081,0.000055,0.000027,-0.000000,-0.000027,-0.000055,-0.000088,-0.000122,-0.000156,-0.000189,-0.000223,-0.000258,-0.000293,-0.000326,-0.000361,-0.000398,-0.000433,-0.000467,-0.000501,-0.000535,-0.000566,-0.000595,-0.000625,-0.000653,-0.000679,-0.000702,-0.000725,-0.000748,-0.000768,-0.000784,-0.000799,-0.000809,-0.000811,-0.000800,-0.000769,-0.000699,-0.000571,-0.000350,-0.000224
0.000154,0.000310,0.000562,0.000686,0.000780,0.000809,0.000822,0.000834,0.000811,0.000804,0.000792,0.000764,0.000754,0.000732,0.000702,0.000685,0.000654,0.000622,0.000601,0.000566,0.000534,0.000509,0.000473,0.000436,0.000409,0.000371,0.000327,0.000295,0.000261,0.000221,0.000190,0.000157,0.000115,0.000080,0.000045,0.000001,-0.000042,-0.000076,-0.000104,-0.000114,-0.000111,-0.000126,-0.000162,-0.000182,-0.000185,-0.000204,-0.000218,-0.000208,-0.000203,-0.000197,-0.000185,-0.000195,-0.000207,-0.000185,-0.000169,-0.000172,-0.000151,-0.000134,-0.000115,-0.000094,-0.000076,-0.000054,-0.000036,-0.000012,0.000012,0.000035,0.000057,0.000077,0.000097,0.000116,0.000134,0.000152,0.000168,0.000183,0.000194,0.000204,0.000211,0.000217,0.000221,0.000220,0.000219,0.000215,0.000209,0.000201,0.000189,0.000177,0.000162,0.000143,0.000120,0.000093,0.000066,0.000040,0.000013,-0.000018,-0.000052,-0.000086,-0.000121,-0.000156,-0.000194,-0.000233,-0.000268,-0.000304,-0.000343,-0.000382,-0.000420,-0.000457,-0.000495,-0.000533,-0.000568,-0.000600,-0.000633,-0.000666,-0.000694,-0.000722,-0.000748,-0.000774,-0.000797,-0.000817,-0.000836,-0.000852,-0.000862,-0.000864,-0.000855,-0.000821,-0.000746,-0.000609,-0.000373,-0.000239
0.000168,0.000330,0.000598,0.000730,0.000829,0.000867,0.000875,0.000889,0.000868,0.000854,0.000845,0.000813,0.000799,0.000780,0.000745,0.000727,0.000698,0.000662,0.000639,0.000605,0.000566,0.000538,0.000501,0.000457,0.000425,0.000385,0.000339,0.000308,0.000273,0.000229,0.000193,0.000157,0.000112,0.000069,0.000029,-0.000018,-0.000064,-0.000095,-0.000110,-0.000115,-0.000122,-0.000152,-0.000187,-0.000201,-0.000213,-0.000233,-0.000235,-0.000232,-0.000234,-0.000221,-0.000210,-0.000218,-0.000228,-0.000208,-0.000193,-0.000189,-0.000162,-0.000147,-0.000127,-0.000110,-0.000088,-0.000062,-0.000038,-0.000011,0.000014,0.000038,0.000059,0.000084,0.000107,0.000132,0.000150,0.000169,0.000185,0.000202,0.000215,0.000226,0.000236,0.000242,0.000247,0.000247,0.000246,0.000243,0.000236,0.000229,0.000217,0.000203,0.000186,0.000163,0.000137,0.000109,0.000084,0.000057,0.000025,-0.000010,-0.000046,-0.000081,-0.000119,-0.000160,-0.000200,-0.000238,-0.000277,-0.000318,-0.000360,-0.000401,-0.000443,-0.000484,-0.000524,-0.000563,-0.000600,-0.000638,-0.000673,-0.000706,-0.000738,-0.000768,-0.000797,-0.000824,-0.000848,-0.000871,-0.000891,-0.000907,-0.000917,-0.000921,-0.000911,-0.000875,-0.000796,-0.000650,-0.000398,-0.000255
0.000186,0.000353,0.000635,0.000777,0.000879,0.000923,0.000930,0.000945,0.000924,0.000908,0.000901,0.000868,0.000848,0.000831,0.000793,0.000769,0.000742,0.000702,0.000673,0.000643,0.000600,0.000567,0.000532,0.000483,0.000442,0.000401,0.000355,0.000316,0.000280,0.000235,0.000191,0.000154,0.000108,0.000057,0.000013,-0.000035,-0.000082,-0.000108,-0.000114,-0.000122,-0.000149,-0.000187,-0.000212,-0.000225,-0.000244,-0.000254,-0.000256,-0.000265,-0.000261,-0.000242,-0.000236,-0.000250,-0.000260,-0.000232,-0.000213,-0.000206,-0.000181,-0.000166,-0.000143,-0.000121,-0.000095,-0.000066,-0.000041,-0.000016,0.000009,0.000039,0.000067,0.000095,0.000119,0.000144,0.000166,0.000187,0.000206,0.000225,0.000240,0.000251,0.000262,0.000269,0.000275,0.000277,0.000275,0.000274,0.000267,0.000260,0.000248,0.000230,0.000209,0.000182,0.000158,0.000133,0.000105,0.000072,0.000036,0.000001,-0.000036,-0.000078,-0.000119,-0.000160,-0.000202,-0.000245,-0.000289,-0.000332,-0.000376,-0.000422,-0.000467,-0.000510,-0.000553,-0.000595,-0.000636,-0.000675,-0.000713,-0.000749,-0.000783,-0.000815,-0.000847,-0.000877,-0.000902,-0.000926,-0.000947,-0.000964,-0.000975,-0.000980,-0.000970,-0.000931,-0.000846,-0.000691,-0.000424,-0.000273
0.000203,0.000375,0.000674,0.000829,0.000933,0.000985,0.000990,0.001000,0.000983,0.000963,0.000955,0.000924,0.000900,0.000883,0.000846,0.000815,0.000789,0.000746,0.000711,0.000679,0.000634,0.000594,0.000558,0.000507,0.000459,0.000422,0.000376,0.000327,0.000288,0.000240,0.000188,0.000145,0.000097,0.000042,-0.000008,-0.000053,-0.000094,-0.000113,-0.000117,-0.000138,-0.000184,-0.000221,-0.000236,-0.000254,-0.000276,-0.000282,-0.000290,-0.000295,-0.000281,-0.000271,-0.000270,-0.000283,-0.000286,-0.000252,-0.000240,-0.000232,-0.000205,-0.000185,-0.000156,-0.000131,-0.000104,-0.000077,-0.000049,-0.000017,0.000013,0.000045,0.000074,0.000103,0.000129,0.000158,0.000184,0.000208,0.000229,0.000248,0.000266,0.000280,0.000292,0.000300,0.000307,0.000311,0.000310,0.000308,0.000303,0.000293,0.000278,0.000256,0.000233,0.000210,0.000187,0.000159,0.000124,0.000088,0.000053,0.000014,-0.000028,-0.000072,-0.000115,-0.000160,-0.000206,-0.000252,-0.000297,-0.000346,-0.000395,-0.000443,-0.000490,-0.000538,-0.000584,-0.000628,-0.000672,-0.000715,-0.000755,-0.000793,-0.000830,-0.000866,-0.000900,-0.000930,-0.000958,-0.000984,-0.001006,-0.001023,-0.001037,-0.001043,-0.001031,-0.000990,-0.000899,-0.000735,-0.000451,-0.000290
0.000224,0.000399,0.000713,0.000883,0.000987,0.001049,0.001053,0.001059,0.001048,0.001023,0.001012,0.000982,0.000951,0.000933,0.000898,0.000862,0.000835,0.000794,0.000752,0.000719,0.000672,0.000623,0.000583,0.000530,0.000478,0.000440,0.000392,0.000339,0.000294,0.000245,0.000188,0.000136,0.000085,0.000024,-0.000031,-0.000073,-0.000103,-0.000117,-0.000129,-0.000167,-0.000220,-0.000248,-0.000261,-0.000289,-0.000309,-0.000316,-0.000325,-0.000323,-0.000316,-0.000312,-0.000304,-0.000313,-0.000311,-0.000281,-0.000272,-0.000256,-0.000225,-0.000204,-0.000174,-0.000150,-0.000119,-0.000086,-0.000051,-0.000016,0.000014,0.000047,0.000080,0.000115,0.000145,0.000175,0.000202,0.000229,0.000253,0.000274,0.000294,0.000311,0.000325,0.000335,0.000343,0.000348,0.000349,0.000346,0.000339,0.000326,0.000308,0.000287,0.000266,0.000243,0.000214,0.000181,0.000147,0.000111,0.000070,0.000027,-0.000017,-0.000062,-0.000111,-0.000160,-0.000207,-0.000256,-0.000308,-0.000361,-0.000413,-0.000463,-0.000515,-0.000566,-0.000614,-0.000663,-0.000711,-0.000756,-0.000798,-0.000840,-0.000880,-0.000918,-0.000953,-0.000986,-0.001017,-0.001044,-0.001067,-0.001086,-0.001101,-0.001107,-0.001096,-0.001052,-0.000955,-0.000781,-0.000480,-0.000308
0.000244,0.000426,0.000755,0.000939,0.001046,0.001113,0.001116,0.001119,0.001113,0.001085,0.001071,0.001046,0.001010,0.000988,0.000954,0.000912,0.000881,0.000840,0.000793,0.000757,0.000711,0.000656,0.000610,0.000558,0.000503,0.000456,0.000406,0.000348,0.000296,0.000245,0.000185,0.000125,0.000070,0.000008,-0.000049,-0.000086,-0.000106,-0.000124,-0.000157,-0.000209,-0.000254,-0.000274,-0.000296,-0.000324,-0.000340,-0.000351,-0.000359,-0.000360,-0.000362,-0.000349,-0.000337,-0.000352,-0.000348,-0.000313,-0.000301,-0.000280,-0.000250,-0.000228,-0.000196,-0.000166,-0.000128,-0.000094,-0.000060,-0.000022,0.000014,0.000053,0.000090,0.000127,0.000159,0.000192,0.000223,0.000254,0.000281,0.000304,0.000327,0.000345,0.000362,0.000374,0.000382,0.000389,0.000391,0.000387,0.000376,0.000360,0.000344,0.000326,0.000304,0.000275,0.000244,0.000211,0.000175,0.000132,0.000088,0.000044,-0.000004,-0.000055,-0.000105,-0.000156,-0.000208,-0.000263,-0.000319,-0.000374,-0.000430,-0.000486,-0.000540,-0.000594,-0.000647,-0.000700,-0.000750,-0.000797,-0.000844,-0.000889,-0.000932,-0.000973,-0.001010,-0.001045,-0.001078,-0.001106,-0.001131,-0.001153,-0.001169,-0.001175,-0.001162,-0.001115,-0.001014,-0.000829,-0.000509,-0.000327
0.000262,0.000453,0.000801,0.000999,0.001109,0.001180,0.001186,0.001184,0.001179,0.001150,0.001132,0.001109,0.001070,0.001044,0.001013,0.000967,0.000931,0.000891,0.000837,0.000795,0.000747,0.000687,0.000636,0.000588,0.000530,0.000474,0.000422,0.000360,0.000298,0.000242,0.000177,0.000110,0.000049,-0.000010,-0.000062,-0.000092,-0.000108,-0.000139,-0.000196,-0.000251,-0.000283,-0.000306,-0.000339,-0.000361,-0.000374,-0.000393,-0.000402,-0.000404,-0.000400,-0.000383,-0.000381,-0.000397,-0.000382,-0.000345,-0.000337,-0.000311,-0.000280,-0.000251,-0.000214,-0.000182,-0.000143,-0.000107,-0.000067,-0.000024,0.000018,0.000058,0.000096,0.000137,0.000177,0.000213,0.000248,0.000279,0.000311,0.000337,0.000362,0.000384,0.000402,0.000417,0.000427,0.000434,0.000434,0.000427,0.000415,0.000402,0.000389,0.000368,0.000341,0.000312,0.000280,0.000243,0.000201,0.000158,0.000112,0.000062,0.000009,-0.000043,-0.000096,-0.000153,-0.000210,-0.000268,-0.000328,-0.000389,-0.000448,-0.000507,-0.000566,-0.000624,-0.000680,-0.000737,-0.000791,-0.000842,-0.000891,-0.000940,-0.000986,-0.001029,-0.001070,-0.001108,-0.001142,-0.001172,-0.001199,-0.001222,-0.001240,-0.001246,-0.001232,-0.001183,-0.001075,-0.000879,-0.000540,-0.000347
0.000287,0.000483,0.000846,0.001061,0.001174,0.001249,0.001259,0.001253,0.001250,0.001221,0.001196,0.001174,0.001134,0.001101,0.001071,0.001023,0.000983,0.000942,0.000886,0.000836,0.000786,0.000722,0.000665,0.000616,0.000553,0.000490,0.000435,0.000370,0.000301,0.000238,0.000169,0.000094,0.000030,-0.000025,-0.000069,-0.000095,-0.000120,-0.000171,-0.000240,-0.000286,-0.000309,-0.000344,-0.000381,-0.000400,-0.000422,-0.000444,-0.000448,-0.000448,-0.000441,-0.000431,-0.000429,-0.000438,-0.000419,-0.000387,-0.000375,-0.000342,-0.000310,-0.000277,-0.000240,-0.000204,-0.000159,-0.000116,-0.000072,-0.000028,0.000017,0.000062,0.000108,0.000151,0.000195,0.000234,0.000273,0.000308,0.000344,0.000375,0.000402,0.000427,0.000447,0.000465,0.000475,0.000480,0.000477,0.000470,0.000465,0.000453,0.000434,0.000410,0.000383,0.000354,0.000317,0.000276,0.000234,0.000187,0.000135,0.000082,0.000028,-0.000029,-0.000088,-0.000147,-0.000210,-0.000275,-0.000339,-0.000402,-0.000466,-0.000530,-0.000593,-0.000654,-0.000716,-0.000775,-0.000832,-0.000887,-0.000941,-0.000994,-0.001043,-0.001088,-0.001132,-0.001173,-0.001208,-0.001241,-0.001270,-0.001296,-0.001314,-0.001321,-0.001305,-0.001253,-0.001140,-0.000932,-0.000572,-0.000367
0.000310,0.000516,0.000896,0.001125,0.001243,0.001320,0.001334,0.001323,0.001321,0.001295,0.001265,0.001244,0.001202,0.001164,0.001132,0.001082,0.001035,0.000993,0.000935,0.000877,0.000825,0.000762,0.000701,0.000644,0.000577,0.000507,0.000444,0.000375,0.000299,0.000229,0.000158,0.000082,0.000017,-0.000031,-0.000069,-0.000102,-0.000148,-0.000217,-0.000283,-0.000316,-0.000344,-0.000390,-0.000424,-0.000448,-0.000476,-0.000490,-0.000494,-0.000499,-0.000495,-0.000482,-0.000476,-0.000487,-0.000465,-0.000429,-0.000412,-0.000379,-0.000346,-0.000307,-0.000266,-0.000223,-0.000175,-0.000130,-0.000082,-0.000032,0.000020,0.000070,0.000118,0.000165,0.000213,0.000258,0.000302,0.000342,0.000379,0.000415,0.000445,0.000474,0.000496,0.000515,0.000525,0.000526,0.000528,0.000526,0.000519,0.000503,0.000482,0.000460,0.000432,0.000397,0.000358,0.000315,0.000268,0.000216,0.000163,0.000107,0.000047,-0.000014,-0.000076,-0.000142,-0.000210,-0.000278,-0.000346,-0.000416,-0.000485,-0.000553,-0.000620,-0.000687,-0.000752,-0.000815,-0.000877,-0.000936,-0.000994,-0.001050,-0.001101,-0.001151,-0.001198,-0.001240,-0.001278,-0.001313,-0.001345,-0.001372,-0.001392,-0.001398,-0.001383,-0.001328,-0.001207,-0.000987,-0.000606,-0.000389
0.000334,0.000549,0.000947,0.001193,0.001319,0.001396,0.001414,0.001400,0.001396,0.001370,0.001335,0.001314,0.001273,0.001230,0.001197,0.001147,0.001093,0.001046,0.000986,0.000920,0.000864,0.000803,0.000735,0.000671,0.000603,0.000526,0.000453,0.000380,0.000296,0.000217,0.000144,0.000072,0.000011,-0.000031,-0.000069,-0.000120,-0.000188,-0.000263,-0.000316,-0.000350,-0.000395,-0.000443,-0.000474,-0.000504,-0.000527,-0.000538,-0.000552,-0.000557,-0.000548,-0.000533,-0.000534,-0.000543,-0.000511,-0.000476,-0.000458,-0.000420,-0.000382,-0.000337,-0.000292,-0.000248,-0.000197,-0.000144,-0.000088,-0.000036,0.000019,0.000074,0.000130,0.000182,0.000235,0.000285,0.000333,0.000377,0.000419,0.000459,0.000494,0.000525,0.000550,0.000565,0.000575,0.000582,0.000588,0.000586,0.000574,0.000560,0.000541,0.000514,0.000482,0.000446,0.000406,0.000358,0.000307,0.000253,0.000194,0.000132,0.000070,0.000004,-0.000065,-0.000136,-0.000208,-0.000281,-0.000356,-0.000429,-0.000502,-0.000576,-0.000648,-0.000720,-0.000790,-0.000858,-0.000923,-0.000987,-0.001050,-0.001109,-0.001164,-0.001217,-0.001266,-0.001311,-0.001352,-0.001390,-0.001424,-0.001453,-0.001473,-0.001480,-0.001464,-0.001406,-0.001278,-0.001046,-0.000642,-0.000412
0.000361,0.000585,0.001001,0.001264,0.001396,0.001474,0.001497,0.001482,0.001476,0.001451,0.001413,0.001387,0.001346,0.001298,0.001261,0.001212,0.001153,0.001102,0.001040,0.000969,0.000907,0.000844,0.000767,0.000696,0.000625,0.000542,0.000461,0.000382,0.000295,0.000210,0.000137,0.000071,0.000012,-0.000034,-0.000083,-0.000153,-0.000236,-0.000303,-0.000347,-0.000396,-0.000454,-0.000494,-0.000527,-0.000561,-0.000582,-0.000601,-0.000616,-0.000614,-0.000606,-0.000597,-0.000596,-0.000596,-0.000564,-0.000532,-0.000506,-0.000461,-0.000422,-0.000375,-0.000325,-0.000272,-0.000215,-0.000159,-0.000099,-0.000041,0.000021,0.000081,0.000142,0.000199,0.000257,0.000312,0.000367,0.000417,0.000464,0.000508,0.000547,0.000579,0.000602,0.000619,0.000636,0.000649,0.000653,0.000647,0.000638,0.000624,0.000601,0.000573,0.000542,0.000502,0.000456,0.000407,0.000351,0.000291,0.000228,0.000164,0.000095,0.000023,-0.000051,-0.000128,-0.000207,-0.000285,-0.000364,-0.000444,-0.000523,-0.000601,-0.000679,-0.000755,-0.000829,-0.000902,-0.000972,-0.001042,-0.001108,-0.001170,-0.001230,-0.001286,-0.001338,-0.001386,-0.001430,-0.001471,-0.001507,-0.001537,-0.001559,-0.001566,-0.001550,-0.001488,-0.001352,-0.001106,-0.000680,-0.000437
0.000383,0.000623,0.001061,0.001338,0.001480,0.001556,0.001582,0.001567,0.001558,0.001535,0.001495,0.001465,0.001426,0.001373,0.001329,0.001279,0.001215,0.001157,0.001094,0.001021,0.000955,0.000886,0.000803,0.000723,0.000644,0.000555,0.000465,0.000380,0.000293,0.000210,0.000141,0.000079,0.000016,-0.000043,-0.000111,-0.000198,-0.000284,-0.000343,-0.000390,-0.000453,-0.000508,-0.000544,-0.000587,-0.000625,-0.000648,-0.000670,-0.000679,-0.000681,-0.000677,-0.000663,-0.000659,-0.000661,-0.000624,-0.000586,-0.000558,-0.000511,-0.000469,-0.000414,-0.000358,-0.000300,-0.000240,-0.000178,-0.000109,-0.000045,0.000022,0.000086,0.000155,0.000219,0.000283,0.000344,0.000404,0.000460,0.000512,0.000561,0.000602,0.000634,0.000661,0.000688,0.000710,0.000719,0.000722,0.000720,0.000710,0.000692,0.000670,0.000641,0.000603,0.000559,0.000512,0.000458,0.000398,0.000335,0.000267,0.000195,0.000122,0.000045,-0.000037,-0.000120,-0.000203,-0.000287,-0.000373,-0.000458,-0.000542,-0.000626,-0.000710,-0.000791,-0.000871,-0.000949,-0.001024,-0.001098,-0.001168,-0.001235,-0.001299,-0.001359,-0.001414,-0.001465,-0.001512,-0.001556,-0.001594,-0.001626,-0.001649,-0.001657,-0.001639,-0.001574,-0.001431,-0.001171,-0.000720,-0.000463
0.000408,0.000661,0.001124,0.001415,0.001568,0.001646,0.001673,0.001659,0.001644,0.001621,0.001580,0.001545,0.001506,0.001452,0.001402,0.001350,0.001283,0.001216,0.001150,0.001074,0.001000,0.000925,0.000840,0.000750,0.000664,0.000570,0.000472,0.000383,0.000299,0.000219,0.000150,0.000084,0.000012,-0.000066,-0.000151,-0.000246,-0.000328,-0.000383,-0.000442,-0.000511,-0.000561,-0.000607,-0.000658,-0.000692,-0.000718,-0.000740,-0.000753,-0.000758,-0.000749,-0.000734,-0.000735,-0.000731,-0.000684,-0.000651,-0.000618,-0.000563,-0.000515,-0.000456,-0.000398,-0.000332,-0.000264,-0.000195,-0.000123,-0.000052,0.000022,0.000095,0.000168,0.000240,0.000309,0.000379,0.000444,0.000509,0.000566,0.000618,0.000659,0.000697,0.000735,0.000764,0.000782,0.000793,0.000800,0.000797,0.000785,0.000770,0.000745,0.000711,0.000673,0.000627,0.000572,0.000514,0.000450,0.000380,0.000307,0.000232,0.000152,0.000067,-0.000020,-0.000108,-0.000198,-0.000289,-0.000380,-0.000471,-0.000563,-0.000653,-0.000742,-0.000829,-0.000914,-0.000997,-0.001079,-0.001158,-0.001231,-0.001304,-0.001372,-0.001435,-0.001494,-0.001548,-0.001599,-0.001645,-0.001686,-0.001720,-0.001744,-0.001753,-0.001734,-0.001665,-0.001514,-0.001239,-0.000762,-0.000489
0.000436,0.000704,0.001189,0.001495,0.001659,0.001738,0.001768,0.001756,0.001738,0.001713,0.001671,0.001631,0.001589,0.001533,0.001477,0.001424,0.001353,0.001279,0.001211,0.001131,0.001045,0.000963,0.000873,0.000775,0.000682,0.000585,0.000485,0.000397,0.000317,0.000237,0.000158,0.000077,-0.000008,-0.000101,-0.000199,-0.000292,-0.000363,-0.000424,-0.000500,-0.000571,-0.000625,-0.000682,-0.000729,-0.000763,-0.000798,-0.000821,-0.000834,-0.000838,-0.000829,-0.000817,-0.000815,-0.000804,-0.000757,-0.000722,-0.000679,-0.000622,-0.000569,-0.000505,-0.000438,-0.000364,-0.000293,-0.000218,-0.000137,-0.000057,0.000022,0.000102,0.000182,0.000263,0.000340,0.000418,0.000492,0.000563,0.000623,0.000674,0.000724,0.000772,0.000812,0.000839,0.000863,0.000880,0.000884,0.000884,0.000874,0.000854,0.000826,0.000791,0.000748,0.000696,0.000639,0.000576,0.000506,0.000433,0.000355,0.000271,0.000183,0.000092,-0.000001,-0.000096,-0.000193,-0.000291,-0.000389,-0.000486,-0.000584,-0.000681,-0.000775,-0.000869,-0.000960,-0.001049,-0.001137,-0.001219,-0.001299,-0.001376,-0.001448,-0.001515,-0.001578,-0.001636,-0.001690,-0.001740,-0.001783,-0.001818,-0.001845,-0.001854,-0.001833,-0.001761,-0.001602,-0.001311,-0.000806,-0.000518
0.000460,0.000749,0.001262,0.001580,0.001756,0.001835,0.001866,0.001856,0.001835,0.001810,0.001768,0.001722,0.001678,0.001620,0.001557,0.001497,0.001423,0.001344,0.001272,0.001188,0.001094,0.001004,0.000908,0.000802,0.000701,0.000605,0.000508,0.000421,0.000342,0.000252,0.000155,0.000059,-0.000037,-0.000141,-0.000244,-0.000328,-0.000399,-0.000481,-0.000567,-0.000633,-0.000696,-0.000758,-0.000804,-0.000848,-0.000886,-0.000907,-0.000922,-0.000927,-0.000920,-0.000903,-0.000901,-0.000888,-0.000835,-0.000796,-0.000750,-0.000689,-0.000626,-0.000555,-0.000483,-0.000405,-0.000323,-0.000239,-0.000154,-0.000067,0.000022,0.000111,0.000199,0.000289,0.000377,0.000463,0.000543,0.000613,0.000676,0.000739,0.000802,0.000852,0.000895,0.000932,0.000957,0.000972,0.000978,0.000976,0.000964,0.000943,0.000916,0.000876,0.000830,0.000777,0.000713,0.000643,0.000569,0.000489,0.000404,0.000314,0.000219,0.000121,0.000020,-0.000082,-0.000186,-0.000291,-0.000396,-0.000502,-0.000607,-0.000710,-0.000812,-0.000911,-0.001008,-0.001104,-0.001197,-0.001285,-0.001371,-0.001452,-0.001528,-0.001599,-0.001666,-0.001729,-0.001786,-0.001838,-0.001884,-0.001922,-0.001950,-0.001960,-0.001939,-0.001862,-0.001694,-0.001387,-0.000852,-0.000548
0.000488,0.000793,0.001337,0.001671,0.001858,0.001941,0.001970,0.001964,0.001937,0.001909,0.001867,0.001817,0.001771,0.001712,0.001642,0.001575,0.001497,0.001413,0.001333,0.001243,0.001143,0.001046,0.000945,0.000836,0.000731,0.000636,0.000542,0.000450,0.000357,0.000251,0.000139,0.000037,-0.000065,-0.000176,-0.000280,-0.000364,-0.000452,-0.000552,-0.000632,-0.000698,-0.000775,-0.000839,-0.000890,-0.000942,-0.000977,-0.001003,-0.001021,-0.001025,-0.001017,-0.001000,-0.000999,-0.000978,-0.000922,-0.000881,-0.000826,-0.000759,-0.000690,-0.000614,-0.000534,-0.000445,-0.000357,-0.000267,-0.000172,-0.000075,0.000023,0.000122,0.000221,0.000321,0.000416,0.000507,0.000587,0.000664,0.000745,0.000821,0.000886,0.000941,0.000989,0.001025,0.001052,0.001073,0.001082,0.001078,0.001070,0.001047,0.001013,0.000972,0.000921,0.000861,0.000793,0.000719,0.000638,0.000551,0.000459,0.000360,0.000256,0.000151,0.000043,-0.000067,-0.000179,-0.000292,-0.000405,-0.000517,-0.000629,-0.000739,-0.000848,-0.000955,-0.001060,-0.001163,-0.001260,-0.001355,-0.001446,-0.001532,-0.001613,-0.001689,-0.001760,-0.001827,-0.001888,-0.001943,-0.001991,-0.002032,-0.002061,-0.002072,-0.002049,-0.001969,-0.001791,-0.001466,-0.000902,-0.000581
0.000518,0.000842,0.001415,0.001765,0.001963,0.002051,0.002082,0.002076,0.002049,0.002016,0.001972,0.001917,0.001867,0.001805,0.001729,0.001656,0.001576,0.001487,0.001397,0.001301,0.001195,0.001089,0.000986,0.000877,0.000773,0.000678,0.000581,0.000473,0.000359,0.000241,0.000125,0.000018,-0.000092,-0.000210,-0.000316,-0.000412,-0.000517,-0.000616,-0.000695,-0.000780,-0.000864,-0.000928,-0.000987,-0.001039,-0.001079,-0.001111,-0.001126,-0.001133,-0.001125,-0.001108,-0.001103,-0.001077,-0.001019,-0.000971,-0.000909,-0.000838,-0.000762,-0.000675,-0.000587,-0.000493,-0.000396,-0.000293,-0.000191,-0.000084,0.000026,0.000138,0.000243,0.000350,0.000451,0.000547,0.000640,0.000736,0.000826,0.000902,0.000972,0.001036,0.001087,0.001131,0.001165,0.001185,0.001194,0.001193,0.001180,0.001156,0.001122,0.001076,0.001019,0.000956,0.000882,0.000799,0.000712,0.000617,0.000516,0.000411,0.000299,0.000185,0.000069,-0.000051,-0.000171,-0.000292,-0.000413,-0.000534,-0.000654,-0.000772,-0.000888,-0.001002,-0.001114,-0.001223,-0.001327,-0.001429,-0.001525,-0.001616,-0.001702,-0.001783,-0.001860,-0.001931,-0.001996,-0.002053,-0.002104,-0.002147,-0.002178,-0.002190,-0.002167,-0.002081,-0.001893,-0.001550,-0.000954,-0.000614
0.000545,0.000893,0.001502,0.001865,0.002075,0.002166,0.002198,0.002193,0.002163,0.002129,0.002083,0.002026,0.001968,0.001900,0.001818,0.001738,0.001656,0.001562,0.001464,0.001364,0.001254,0.001143,0.001036,0.000927,0.000820,0.000719,0.000608,0.000483,0.000358,0.000238,0.000120,-0.000001,-0.000126,-0.000248,-0.000359,-0.000468,-0.000578,-0.000677,-0.000774,-0.000873,-0.000951,-0.001024,-0.001094,-0.001147,-0.001193,-0.001225,-0.001244,-0.001253,-0.001242,-0.001226,-0.001219,-0.001188,-0.001124,-0.001073,-0.001002,-0.000923,-0.000839,-0.000745,-0.000648,-0.000543,-0.000437,-0.000325,-0.000208,-0.000085,0.000030,0.000147,0.000263,0.000380,0.000487,0.000595,0.000708,0.000810,0.000903,0.000991,0.001073,0.001141,0.001200,0.001248,0.001282,0.001307,0.001320,0.001318,0.001305,0.001280,0.001239,0.001190,0.001129,0.001056,0.000977,0.000889,0.000793,0.000690,0.000580,0.000465,0.000345,0.000222,0.000097,-0.000032,-0.000161,-0.000291,-0.000423,-0.000552,-0.000680,-0.000806,-0.000930,-0.001053,-0.001173,-0.001287,-0.001398,-0.001507,-0.001608,-0.001705,-0.001797,-0.001884,-0.001964,-0.002040,-0.002108,-0.002170,-0.002224,-0.002270,-0.002303,-0.002315,-0.002290,-0.002200,-0.002001,-0.001639,-0.001009,-0.000649
0.000576,0.000944,0.001591,0.001972,0.002193,0.002291,0.002321,0.002316,0.002283,0.002245,0.002198,0.002137,0.002073,0.002000,0.001914,0.001827,0.001740,0.001640,0.001535,0.001434,0.001322,0.001206,0.001096,0.000984,0.000869,0.000752,0.000628,0.000494,0.000364,0.000240,0.000110,-0.000027,-0.000160,-0.000284,-0.000405,-0.000527,-0.000643,-0.000754,-0.000865,-0.000960,-0.001046,-0.001135,-0.001207,-0.001265,-0.001316,-0.001351,-0.001375,-0.001381,-0.001373,-0.001357,-0.001346,-0.001308,-0.001241,-0.001184,-0.001103,-0.001018,-0.000925,-0.000821,-0.000713,-0.000600,-0.000482,-0.000348,-0.000223,-0.000099,0.000028,0.000162,0.000286,0.000405,0.000530,0.000657,0.000776,0.000884,0.000993,0.001091,0.001177,0.001257,0.001322,0.001376,0.001418,0.001444,0.001456,0.001456,0.001441,0.001411,0.001369,0.001315,0.001247,0.001170,0.001083,0.000986,0.000881,0.000768,0.000647,0.000523,0.000395,0.000262,0.000125,-0.000013,-0.000152,-0.000291,-0.000431,-0.000570,-0.000707,-0.000842,-0.000975,-0.001106,-0.001233,-0.001356,-0.001475,-0.001589,-0.001697,-0.001800,-0.001898,-0.001990,-0.002076,-0.002155,-0.002227,-0.002293,-0.002350,-0.002398,-0.002434,-0.002447,-0.002421,-0.002325,-0.002115,-0.001734,-0.001067,-0.000686
0.000611,0.001000,0.001683,0.002085,0.002314,0.002420,0.002453,0.002446,0.002412,0.002369,0.002318,0.002250,0.002180,0.002103,0.002013,0.001923,0.001831,0.001727,0.001618,0.001511,0.001395,0.001273,0.001156,0.001040,0.000915,0.000785,0.000652,0.000513,0.000372,0.000234,0.000093,-0.000052,-0.000189,-0.000321,-0.000457,-0.000592,-0.000715,-0.000836,-0.000953,-0.001058,-0.001160,-0.001251,-0.001326,-0.001396,-0.001450,-0.001492,-0.001517,-0.001524,-0.001518,-0.001498,-0.001488,-0.001441,-0.001371,-0.001306,-0.001217,-0.001122,-0.001017,-0.000905,-0.000788,-0.000654,-0.000515,-0.000384,-0.000251,-0.000106,0.000033,0.000168,0.000302,0.000443,0.000585,0.000714,0.000844,0.000972,0.001088,0.001197,0.001296,0.001384,0.001457,0.001519,0.001563,0.001593,0.001611,0.001608,0.001591,0.001559,0.001511,0.001450,0.001377,0.001291,0.001195,0.001091,0.000977,0.000853,0.000723,0.000587,0.000448,0.000304,0.000157,0.000008,-0.000141,-0.000292,-0.000441,-0.000590,-0.000736,-0.000880,-0.001023,-0.001163,-0.001298,-0.001429,-0.001555,-0.001676,-0.001791,-0.001901,-0.002005,-0.002102,-0.002193,-0.002277,-0.002354,-0.002423,-0.002483,-0.002535,-0.002572,-0.002586,-0.002558,-0.002457,-0.002237,-0.001832,-0.001127,-0.000726
0.000643,0.001059,0.001784,0.002203,0.002444,0.002553,0.002588,0.002580,0.002545,0.002500,0.002442,0.002370,0.002293,0.002210,0.002119,0.002025,0.001930,0.001825,0.001712,0.001595,0.001471,0.001342,0.001219,0.001097,0.000964,0.000823,0.000681,0.000531,0.000376,0.000228,0.000081,-0.000072,-0.000223,-0.000367,-0.000514,-0.000656,-0.000791,-0.000924,-0.001051,-0.001169,-0.001276,-0.001373,-0.001465,-0.001539,-0.001596,-0.001646,-0.001672,-0.001684,-0.001674,-0.001657,-0.001644,-0.001588,-0.001513,-0.001441,-0.001342,-0.001237,-0.001122,-0.001000,-0.000855,-0.000705,-0.000571,-0.000420,-0.000267,-0.000120,0.000028,0.000177,0.000329,0.000481,0.000630,0.000778,0.000925,0.001061,0.001193,0.001317,0.001425,0.001523,0.001608,0.001674,0.001727,0.001760,0.001775,0.001775,0.001756,0.001720,0.001668,0.001601,0.001519,0.001425,0.001320,0.001204,0.001078,0.000944,0.000802,0.000656,0.000505,0.000349,0.000190,0.000030,-0.000131,-0.000292,-0.000452,-0.000611,-0.000768,-0.000923,-0.001076,-0.001223,-0.001366,-0.001507,-0.001641,-0.001769,-0.001891,-0.002008,-0.002117,-0.002221,-0.002318,-0.002406,-0.002487,-0.002560,-0.002625,-0.002679,-0.002718,-0.002733,-0.002703,-0.002597,-0.002364,-0.001937,-0.001192,-0.000768
0.000680,0.001118,0.001888,0.002330,0.002579,0.002696,0.002730,0.002721,0.002683,0.002633,0.002571,0.002495,0.002414,0.002329,0.002237,0.002140,0.002040,0.001929,0.001805,0.001677,0.001549,0.001419,0.001292,0.001161,0.001014,0.000860,0.000706,0.000546,0.000384,0.000229,0.000071,-0.000098,-0.000260,-0.000414,-0.000570,-0.000726,-0.000876,-0.001019,-0.001155,-0.001285,-0.001403,-0.001513,-0.001612,-0.001691,-0.001761,-0.001813,-0.001844,-0.001860,-0.001849,-0.001833,-0.001814,-0.001752,-0.001672,-0.001589,-0.001481,-0.001363,-0.001239,-0.001084,-0.000929,-0.000783,-0.000618,-0.000455,-0.000296,-0.000131,0.000029,0.000188,0.000354,0.000517,0.000683,0.000845,0.001004,0.001162,0.001308,0.001443,0.001569,0.001679,0.001773,0.001849,0.001906,0.001943,0.001962,0.001960,0.001937,0.001897,0.001838,0.001763,0.001675,0.001570,0.001454,0.001328,0.001189,0.001042,0.000889,0.000730,0.000565,0.000396,0.000226,0.000054,-0.000120,-0.000293,-0.000465,-0.000634,-0.000802,-0.000968,-0.001130,-0.001288,-0.001441,-0.001589,-0.001731,-0.001867,-0.001997,-0.002121,-0.002237,-0.002346,-0.002448,-0.002542,-0.002628,-0.002705,-0.002774,-0.002831,-0.002873,-0.002887,-0.002856,-0.002745,-0.002498,-0.002046,-0.001260,-0.000812
0.000721,0.001182,0.001994,0.002463,0.002720,0.002844,0.002882,0.002870,0.002829,0.002772,0.002706,0.002627,0.002543,0.002460,0.002369,0.002266,0.002156,0.002033,0.001897,0.001764,0.001638,0.001508,0.001370,0.001222,0.001064,0.000901,0.000735,0.000565,0.000397,0.000229,0.000054,-0.000122,-0.000293,-0.000463,-0.000633,-0.000803,-0.000965,-0.001118,-0.001268,-0.001412,-0.001543,-0.001661,-0.001768,-0.001863,-0.001940,-0.001994,-0.002035,-0.002052,-0.002043,-0.002026,-0.002005,-0.001936,-0.001847,-0.001755,-0.001634,-0.001508,-0.001345,-0.001184,-0.001028,-0.000845,-0.000670,-0.000493,-0.000317,-0.000146,0.000027,0.000202,0.000376,0.000554,0.000736,0.000915,0.001095,0.001266,0.001431,0.001587,0.001726,0.001849,0.001956,0.002040,0.002106,0.002148,0.002165,0.002163,0.002138,0.002092,0.002027,0.001942,0.001842,0.001729,0.001601,0.001460,0.001308,0.001147,0.000981,0.000808,0.000629,0.000447,0.000263,0.000077,-0.000109,-0.000294,-0.000478,-0.000660,-0.000840,-0.001017,-0.001189,-0.001356,-0.001520,-0.001677,-0.001828,-0.001972,-0.002110,-0.002241,-0.002364,-0.002480,-0.002588,-0.002687,-0.002777,-0.002859,-0.002932,-0.002992,-0.003035,-0.003052,-0.003019,-0.002900,-0.002639,-0.002163,-0.001332,-0.000858
0.000761,0.001250,0.002108,0.002599,0.002867,0.002996,0.003040,0.003024,0.002978,0.002922,0.002852,0.002771,0.002688,0.002603,0.002507,0.002391,0.002269,0.002138,0.002000,0.001869,0.001741,0.001599,0.001441,0.001283,0.001123,0.000949,0.000765,0.000588,0.000412,0.000227,0.000040,-0.000143,-0.000331,-0.000518,-0.000699,-0.000880,-0.001057,-0.001228,-0.001391,-0.001545,-0.001690,-0.001823,-0.001944,-0.002049,-0.002132,-0.002198,-0.002244,-0.002265,-0.002259,-0.002241,-0.002216,-0.002139,-0.002045,-0.001939,-0.001808,-0.001644,-0.001475,-0.001306,-0.001110,-0.000919,-0.000724,-0.000530,-0.000342,-0.000157,0.000029,0.000208,0.000397,0.000588,0.000787,0.000989,0.001186,0.001383,0.001567,0.001739,0.001900,0.002040,0.002159,0.002256,0.002327,0.002373,0.002394,0.002388,0.002359,0.002306,0.002232,0.002138,0.002027,0.001900,0.001757,0.001602,0.001436,0.001261,0.001080,0.000891,0.000696,0.000500,0.000301,0.000102,-0.000098,-0.000298,-0.000494,-0.000688,-0.000881,-0.001069,-0.001252,-0.001432,-0.001604,-0.001771,-0.001931,-0.002084,-0.002230,-0.002368,-0.002499,-0.002621,-0.002734,-0.002839,-0.002935,-0.003021,-0.003098,-0.003162,-0.003207,-0.003224,-0.003191,-0.003065,-0.002788,-0.002286,-0.001408,-0.000907
0.000804,0.001319,0.002226,0.002744,0.003023,0.003158,0.003202,0.003185,0.003137,0.003080,0.003012,0.002933,0.002847,0.002754,0.002644,0.002516,0.002386,0.002256,0.002122,0.001985,0.001844,0.001686,0.001519,0.001358,0.001186,0.000992,0.000798,0.000620,0.000431,0.000227,0.000029,-0.000169,-0.000371,-0.000570,-0.000767,-0.000964,-0.001157,-0.001343,-0.001518,-0.001690,-0.001854,-0.001999,-0.002131,-0.002249,-0.002348,-0.002423,-0.002474,-0.002502,-0.002498,-0.002480,-0.002452,-0.002368,-0.002264,-0.002146,-0.001983,-0.001809,-0.001624,-0.001420,-0.001212,-0.000995,-0.000773,-0.000561,-0.000357,-0.000164,0.000025,0.000213,0.000409,0.000618,0.000837,0.001062,0.001286,0.001505,0.001714,0.001912,0.002091,0.002249,0.002386,0.002494,0.002575,0.002626,0.002645,0.002638,0.002603,0.002542,0.002458,0.002353,0.002227,0.002086,0.001928,0.001755,0.001573,0.001382,0.001183,0.000978,0.000768,0.000556,0.000341,0.000125,-0.000088,-0.000301,-0.000513,-0.000721,-0.000926,-0.001127,-0.001321,-0.001511,-0.001695,-0.001871,-0.002040,-0.002203,-0.002358,-0.002503,-0.002642,-0.002771,-0.002891,-0.003001,-0.003102,-0.003194,-0.003274,-0.003340,-0.003389,-0.003407,-0.003371,-0.003238,-0.002947,-0.002416,-0.001488,-0.000959
0.000851,0.001390,0.002344,0.002894,0.003186,0.003329,0.003374,0.003357,0.003312,0.003253,0.003186,0.003103,0.003007,0.002903,0.002782,0.002652,0.002522,0.002390,0.002249,0.002100,0.001946,0.001783,0.001613,0.001437,0.001244,0.001040,0.000846,0.000654,0.000445,0.000229,0.000019,-0.000193,-0.000409,-0.000626,-0.000842,-0.001050,-0.001259,-0.001464,-0.001658,-0.001848,-0.002024,-0.002187,-0.002338,-0.002470,-0.002580,-0.002667,-0.002730,-0.002765,-0.002765,-0.002750,-0.002716,-0.002623,-0.002512,-0.002369,-0.002183,-0.001991,-0.001781,-0.001551,-0.001314,-0.001070,-0.000822,-0.000583,-0.000363,-0.000166,0.000023,0.000210,0.000411,0.000634,0.000881,0.001139,0.001389,0.001638,0.001875,0.002096,0.002304,0.002485,0.002639,0.002761,0.002849,0.002905,0.002927,0.002915,0.002873,0.002802,0.002705,0.002586,0.002446,0.002286,0.002110,0.001920,0.001720,0.001511,0.001293,0.001070,0.000842,0.000612,0.000381,0.000150,-0.000081,-0.000308,-0.000534,-0.000757,-0.000975,-0.001188,-0.001396,-0.001597,-0.001792,-0.001978,-0.002158,-0.002330,-0.002493,-0.002648,-0.002794,-0.002929,-0.003055,-0.003173,-0.003279,-0.003375,-0.003460,-0.003530,-0.003581,-0.003600,-0.003561,-0.003421,-0.003114,-0.002552,-0.001573,-0.001014
0.000899,0.001466,0.002469,0.003051,0.003358,0.003503,0.003557,0.003547,0.003502,0.003443,0.003367,0.003274,0.003167,0.003056,0.002938,0.002806,0.002668,0.002528,0.002381,0.002223,0.002059,0.001889,0.001709,0.001514,0.001309,0.001104,0.000898,0.000684,0.000463,0.000240,0.000010,-0.000218,-0.000447,-0.000684,-0.000913,-0.001139,-0.001371,-0.001592,-0.001805,-0.002011,-0.002209,-0.002395,-0.002560,-0.002707,-0.002836,-0.002939,-0.003012,-0.003056,-0.003064,-0.003051,-0.003013,-0.002914,-0.002788,-0.002613,-0.002412,-0.002193,-0.001944,-0.001694,-0.001423,-0.001151,-0.000861,-0.000581,-0.000350,-0.000157,0.000018,0.000195,0.000391,0.000628,0.000916,0.001216,0.001501,0.001779,0.002047,0.002302,0.002538,0.002747,0.002924,0.003062,0.003160,0.003220,0.003239,0.003222,0.003172,0.003088,0.002977,0.002841,0.002681,0.002502,0.002307,0.002097,0.001876,0.001646,0.001408,0.001166,0.000920,0.000671,0.000422,0.000173,-0.000074,-0.000318,-0.000559,-0.000798,-0.001030,-0.001256,-0.001476,-0.001689,-0.001896,-0.002094,-0.002284,-0.002465,-0.002637,-0.002800,-0.002954,-0.003098,-0.003231,-0.003353,-0.003466,-0.003568,-0.003656,-0.003730,-0.003785,-0.003804,-0.003762,-0.003614,-0.003290,-0.002697,-0.001662,-0.001072
0.000945,0.001543,0.002601,0.003217,0.003540,0.003694,0.003757,0.003753,0.003703,0.003634,0.003549,0.003450,0.003342,0.003227,0.003104,0.002964,0.002818,0.002677,0.002525,0.002354,0.002177,0.002002,0.001810,0.001598,0.001384,0.001173,0.000950,0.000720,0.000492,0.000249,0.000001,-0.000238,-0.000486,-0.000741,-0.000989,-0.001238,-0.001484,-0.001724,-0.001963,-0.002190,-0.002408,-0.002612,-0.002800,-0.002970,-0.003117,-0.003236,-0.003324,-0.003381,-0.003397,-0.003390,-0.003349,-0.003241,-0.003092,-0.002898,-0.002666,-0.002406,-0.002129,-0.001842,-0.001536,-0.001245,-0.000890,-0.000531,-0.000300,-0.000132,0.000014,0.000158,0.000331,0.000569,0.000940,0.001308,0.001612,0.001935,0.002235,0.002524,0.002801,0.003044,0.003244,0.003402,0.003510,0.003572,0.003591,0.003565,0.003501,0.003403,0.003274,0.003118,0.002937,0.002735,0.002516,0.002284,0.002042,0.001789,0.001529,0.001265,0.000998,0.000730,0.000462,0.000195,-0.000070,-0.000331,-0.000589,-0.000843,-0.001089,-0.001329,-0.001564,-0.001790,-0.002007,-0.002217,-0.002418,-0.002609,-0.002791,-0.002964,-0.003125,-0.003276,-0.003417,-0.003546,-0.003664,-0.003770,-0.003863,-0.003942,-0.003999,-0.004019,-0.003975,-0.003818,-0.003475,-0.002849,-0.001756,-0.001133
0.000997,0.001623,0.002738,0.003393,0.003736,0.003906,0.003973,0.003964,0.003905,0.003824,0.003740,0.003645,0.003532,0.003408,0.003274,0.003131,0.002985,0.002836,0.002671,0.002488,0.002308,0.002125,0.001915,0.001687,0.001468,0.001247,0.001007,0.000765,0.000518,0.000260,0.000002,-0.000259,-0.000529,-0.000796,-0.001066,-0.001336,-0.001600,-0.001869,-0.002128,-0.002375,-0.002618,-0.002849,-0.003062,-0.003251,-0.003421,-0.003565,-0.003672,-0.003744,-0.003771,-0.003771,-0.003730,-0.003610,-0.003439,-0.003221,-0.002947,-0.002631,-0.002319,-0.002015,-0.001629,-0.001403,-0.000922,-0.000353,-0.000191,-0.000078,0.000006,0.000094,0.000207,0.000375,0.000967,0.001465,0.001709,0.002109,0.002429,0.002764,0.003094,0.003381,0.003613,0.003787,0.003906,0.003970,0.003982,0.003946,0.003868,0.003750,0.003598,0.003418,0.003212,0.002984,0.002741,0.002484,0.002215,0.001938,0.001655,0.001369,0.001080,0.000789,0.000500,0.000214,-0.000069,-0.000348,-0.000624,-0.000893,-0.001155,-0.001411,-0.001658,-0.001897,-0.002128,-0.002349,-0.002561,-0.002763,-0.002955,-0.003136,-0.003306,-0.003465,-0.003613,-0.003749,-0.003873,-0.003984,-0.004083,-0.004166,-0.004225,-0.004245,-0.004199,-0.004034,-0.003671,-0.003010,-0.001856,-0.001197
0.001054,0.001712,0.002886,0.003583,0.003953,0.004129,0.004192,0.004175,0.004113,0.004032,0.003949,0.003851,0.003724,0.003591,0.003459,0.003316,0.003161,0.002997,0.002823,0.002639,0.002450,0.002248,0.002022,0.001790,0.001562,0.001322,0.001071,0.000815,0.000550,0.000280,0.000004,-0.000281,-0.000563,-0.000849,-0.001145,-0.001435,-0.001723,-0.002013,-0.002297,-0.002576,-0.002843,-0.003098,-0.003338,-0.003558,-0.003755,-0.003922,-0.004055,-0.004147,-0.004191,-0.004202,-0.004162,-0.004026,-0.003837,-0.003592,-0.003271,-0.002861,-0.002489,-0.002268,-0.001576,-0.001813,0.000000,0.000000,0.000000,0.000000,0.000000,0.000000,0.000000,0.000000,0.000000,0.001875,0.001648,0.002370,0.002611,0.003001,0.003435,0.003773,0.004035,0.004230,0.004357,0.004420,0.004423,0.004371,0.004271,0.004130,0.003952,0.003743,0.003508,0.003251,0.002979,0.002694,0.002398,0.002093,0.001785,0.001473,0.001160,0.000848,0.000538,0.000230,-0.000073,-0.000372,-0.000665,-0.000950,-0.001228,-0.001499,-0.001761,-0.002014,-0.002257,-0.002491,-0.002714,-0.002927,-0.003129,-0.003320,-0.003498,-0.003666,-0.003822,-0.003965,-0.004094,-0.004211,-0.004315,-0.004401,-0.004463,-0.004485,-0.004435,-0.004260,-0.003878,-0.003180,-0.001961,-0.001265
0.001115,0.001811,0.003051,0.003788,0.004179,0.004351,0.004408,0.004397,0.004339,0.004258,0.004165,0.004056,0.003927,0.003791,0.003655,0.003506,0.003341,0.003169,0.002990,0.002800,0.002595,0.002376,0.002145,0.001906,0.001658,0.001406,0.001148,0.000872,0.000588,0.000306,0.000012,-0.000292,-0.000595,-0.000904,-0.001220,-0.001533,-0.001847,-0.002163,-0.002476,-0.002781,-0.003076,-0.003366,-0.003639,-0.003889,-0.004116,-0.004316,-0.004480,-0.004598,-0.004663,-0.004689,-0.004649,-0.004501,-0.004307,-0.004040,-0.003679,-0.003051,-0.002517,-0.002903,0.000000,0.000000,0.000000,0.000000,0.000000,0.000000,0.000000,0.000000,0.000000,0.000000,0.000000,0.000000,0.000000,0.003025,0.002642,0.003201,0.003867,0.004241,0.004528,0.004737,0.004871,0.004929,0.004918,0.004845,0.004719,0.004546,0.004336,0.004092,0.003824,0.003535,0.003231,0.002914,0.002587,0.002254,0.001918,0.001579,0.001241,0.000905,0.000571,0.000243,-0.000081,-0.000401,-0.000712,-0.001014,-0.001309,-0.001595,-0.001872,-0.002140,-0.002397,-0.002643,-0.002878,-0.003102,-0.003314,-0.003514,-0.003703,-0.003878,-0.004041,-0.004192,-0.004328,-0.004451,-0.004560,-0.004650,-0.004714,-0.004737,-0.004685,-0.004500,-0.004096,-0.003359,-0.002071,-0.001337
0.001187,0.001919,0.003224,0.003997,0.004400,0.004578,0.004642,0.004638,0.004578,0.004486,0.004388,0.004278,0.004147,0.004004,0.003860,0.003709,0.003538,0.003354,0.003168,0.002970,0.002751,0.002519,0.002280,0.002029,0.001767,0.001505,0.001230,0.000933,0.000637,0.000339,0.000024,-0.000301,-0.000624,-0.000953,-0.001293,-0.001635,-0.001975,-0.002316,-0.002658,-0.002996,-0.003326,-0.003646,-0.003954,-0.004245,-0.004510,-0.004746,-0.004946,-0.005099,-0.005190,-0.005237,-0.005204,-0.005055,-0.004846,-0.004562,-0.004368,-0.003039,-0.002511,0.000000,0.000000,0.000000,0.000000,0.000000,0.000000,0.000000,0.000000,0.000000,0.000000,0.000000,0.000000,0.000000,0.000000,0.000000,0.002623,0.003191,0.004595,0.004796,0.005095,0.005323,0.005461,0.005509,0.005476,0.005372,0.005210,0.005001,0.004752,0.004469,0.004162,0.003836,0.003495,0.003143,0.002783,0.002418,0.002052,0.001685,0.001320,0.000959,0.000601,0.000249,-0.000097,-0.000436,-0.000766,-0.001087,-0.001399,-0.001702,-0.001995,-0.002276,-0.002547,-0.002806,-0.003053,-0.003289,-0.003512,-0.003722,-0.003919,-0.004104,-0.004275,-0.004432,-0.004575,-0.004704,-0.004818,-0.004913,-0.004980,-0.005003,-0.004947,-0.004752,-0.004326,-0.003548,-0.002188,-0.001412
0.001267,0.002032,0.003393,0.004203,0.004632,0.004829,0.004897,0.004887,0.004824,0.004730,0.004630,0.004515,0.004377,0.004231,0.004084,0.003927,0.003743,0.003550,0.003360,0.003152,0.002916,0.002671,0.002425,0.002161,0.001885,0.001609,0.001318,0.001009,0.000694,0.000375,0.000042,-0.000299,-0.000646,-0.001001,-0.001363,-0.001729,-0.002100,-0.002471,-0.002845,-0.003217,-0.003582,-0.003941,-0.004291,-0.004623,-0.004931,-0.005214,-0.005459,-0.005651,-0.005783,-0.005867,-0.005843,-0.005690,-0.005453,-0.004989,-0.006127,0.000000,0.000000,0.000000,0.000000,0.000000,0.000000,0.000000,0.000000,0.000000,0.000000,0.000000,0.000000,0.000000,0.000000,0.000000,0.000000,0.000000,0.000000,0.000000,0.006435,0.005252,0.005740,0.005995,0.006139,0.006170,0.006103,0.005959,0.005752,0.005494,0.005198,0.004870,0.004519,0.004151,0.003770,0.003379,0.002983,0.002585,0.002186,0.001790,0.001396,0.001007,0.000625,0.000250,-0.000119,-0.000479,-0.000829,-0.001169,-0.001499,-0.001819,-0.002127,-0.002424,-0.002708,-0.002980,-0.003241,-0.003488,-0.003722,-0.003943,-0.004150,-0.004343,-0.004522,-0.004686,-0.004836,-0.004972,-0.005091,-0.005189,-0.005260,-0.005284,-0.005225,-0.005018,-0.004567,-0.003746,-0.002310,-0.001491
0.001339,0.002141,0.003568,0.004425,0.004890,0.005095,0.005157,0.005148,0.005090,0.004995,0.004882,0.004760,0.004625,0.004474,0.004318,0.004149,0.003960,0.003763,0.003560,0.003338,0.003093,0.002840,0.002579,0.002302,0.002018,0.001726,0.001416,0.001093,0.000762,0.000423,0.000072,-0.000292,-0.000664,-0.001042,-0.001426,-0.001824,-0.002225,-0.002625,-0.003033,-0.003442,-0.003850,-0.004250,-0.004641,-0.005023,-0.005385,-0.005717,-0.006010,-0.006265,-0.006456,-0.006581,-0.006587,-0.006434,-0.006096,-0.005376,-0.004551,0.000000,0.000000,0.000000,0.000000,0.000000,0.000000,0.000000,0.000000,0.000000,0.000000,0.000000,0.000000,0.000000,0.000000,0.000000,0.000000,0.000000,0.000000,0.000000,0.004777,0.005665,0.006427,0.006782,0.006931,0.006927,0.006810,0.006608,0.006342,0.006028,0.005676,0.005294,0.004894,0.004479,0.004053,0.003621,0.003186,0.002751,0.002319,0.001890,0.001467,0.001051,0.000642,0.000241,-0.000151,-0.000531,-0.000901,-0.001261,-0.001609,-0.001947,-0.002271,-0.002582,-0.002882,-0.003168,-0.003441,-0.003700,-0.003945,-0.004176,-0.004394,-0.004596,-0.004783,-0.004955,-0.005112,-0.005254,-0.005378,-0.005481,-0.005555,-0.005580,-0.005516,-0.005298,-0.004823,-0.003955,-0.002439,-0.001574
0.001411,0.002257,0.003764,0.004668,0.005155,0.005366,0.005432,0.005427,0.005366,0.005263,0.005145,0.005022,0.004885,0.004726,0.004560,0.004387,0.004193,0.003986,0.003771,0.003540,0.003287,0.003019,0.002743,0.002461,0.002164,0.001849,0.001525,0.001190,0.000841,0.000478,0.000108,-0.000273,-0.000671,-0.001075,-0.001486,-0.001910,-0.002341,-0.002778,-0.003222,-0.003669,-0.004119,-0.004565,-0.005009,-0.005444,-0.005860,-0.006248,-0.006616,-0.006941,-0.007201,-0.007407,-0.007475,-0.007368,-0.007073,-0.006430,0.000000,0.000000,0.000000,0.000000,0.000000,0.000000,0.000000,0.000000,0.000000,0.000000,0.000000,0.000000,0.000000,0.000000,0.000000,0.000000,0.000000,0.000000,0.000000,0.000000,0.000000,0.006768,0.007457,0.007775,0.007876,0.007799,0.007601,0.007322,0.006982,0.006597,0.006180,0.005740,0.005284,0.004817,0.004342,0.003865,0.003389,0.002916,0.002448,0.001986,0.001532,0.001086,0.000651,0.000224,-0.000192,-0.000594,-0.000985,-0.001365,-0.001732,-0.002086,-0.002427,-0.002755,-0.003068,-0.003369,-0.003655,-0.003926,-0.004183,-0.004425,-0.004652,-0.004863,-0.005059,-0.005239,-0.005404,-0.005552,-0.005681,-0.005789,-0.005866,-0.005892,-0.005824,-0.005593,-0.005090,-0.004175,-0.002575,-0.001663
0.001496,0.002385,0.003967,0.004912,0.005426,0.005656,0.005723,0.005712,0.005652,0.005550,0.005427,0.005298,0.005157,0.004996,0.004820,0.004637,0.004440,0.004225,0.003995,0.003753,0.003491,0.003211,0.002923,0.002631,0.002320,0.001988,0.001648,0.001298,0.000928,0.000548,0.000159,-0.000246,-0.000668,-0.001096,-0.001535,-0.001989,-0.002454,-0.002926,-0.003405,-0.003896,-0.004392,-0.004888,-0.005384,-0.005876,-0.006353,-0.006819,-0.007259,-0.007668,-0.008031,-0.008337,-0.008535,-0.008366,-0.009697,0.000000,0.000000,0.000000,0.000000,0.000000,0.000000,0.000000,0.000000,0.000000,0.000000,0.000000,0.000000,0.000000,0.000000,0.000000,0.000000,0.000000,0.000000,0.000000,0.000000,0.000000,0.000000,0.000000,0.010217,0.008837,0.009000,0.008789,0.008477,0.008095,0.007666,0.007200,0.006709,0.006202,0.005684,0.005160,0.004634,0.004110,0.003590,0.003076,0.002570,0.002074,0.001588,0.001113,0.000648,0.000196,-0.000243,-0.000669,-0.001081,-0.001481,-0.001868,-0.002239,-0.002596,-0.002940,-0.003269,-0.003584,-0.003883,-0.004167,-0.004435,-0.004688,-0.004926,-0.005146,-0.005350,-0.005539,-0.005711,-0.005866,-0.006001,-0.006114,-0.006194,-0.006219,-0.006148,-0.005903,-0.005372,-0.004406,-0.002719,-0.001756
0.001584,0.002516,0.004172,0.005169,0.005719,0.005959,0.006027,0.006017,0.005959,0.005853,0.005720,0.005588,0.005447,0.005278,0.005092,0.004901,0.004700,0.004475,0.004231,0.003982,0.003711,0.003415,0.003116,0.002815,0.002489,0.002139,0.001784,0.001419,0.001032,0.000629,0.000218,-0.000206,-0.000650,-0.001107,-0.001575,-0.002057,-0.002554,-0.003065,-0.003585,-0.004117,-0.004660,-0.005211,-0.005765,-0.006314,-0.006865,-0.007409,-0.007936,-0.008445,-0.008921,-0.009367,-0.009715,-0.009986,-0.008485,0.000000,0.000000,0.000000,0.000000,0.000000,0.000000,0.000000,0.000000,0.000000,0.000000,0.000000,0.000000,0.000000,0.000000,0.000000,0.000000,0.000000,0.000000,0.000000,0.000000,0.000000,0.000000,0.000000,0.008941,0.010543,0.010256,0.009882,0.009421,0.008918,0.008384,0.007827,0.007255,0.006675,0.006091,0.005505,0.004923,0.004349,0.003784,0.003228,0.002683,0.002151,0.001632,0.001127,0.000635,0.000156,-0.000308,-0.000756,-0.001190,-0.001611,-0.002016,-0.002406,-0.002781,-0.003140,-0.003484,-0.003813,-0.004126,-0.004423,-0.004704,-0.004968,-0.005215,-0.005445,-0.005659,-0.005856,-0.006035,-0.006197,-0.006338,-0.006456,-0.006539,-0.006565,-0.006488,-0.006229,-0.005669,-0.004650,-0.002870,-0.001854
0.001669,0.002652,0.004397,0.005444,0.006020,0.006275,0.006349,0.006339,0.006275,0.006166,0.006033,0.005895,0.005748,0.005574,0.005381,0.005182,0.004973,0.004739,0.004486,0.004224,0.003941,0.003637,0.003328,0.003011,0.002668,0.002306,0.001936,0.001552,0.001149,0.000727,0.000295,-0.000153,-0.000621,-0.001103,-0.001599,-0.002112,-0.002644,-0.003192,-0.003752,-0.004330,-0.004924,-0.005530,-0.006138,-0.006758,-0.007387,-0.008012,-0.008633,-0.009246,-0.009854,-0.010478,-0.010881,-0.014315,0.000000,0.000000,0.000000,0.000000,0.000000,0.000000,0.000000,0.000000,0.000000,0.000000,0.000000,0.000000,0.000000,0.000000,0.000000,0.000000,0.000000,0.000000,0.000000,0.000000,0.000000,0.000000,0.000000,0.000000,0.000000,0.015105,0.011492,0.011063,0.010407,0.009769,0.009125,0.008471,0.007811,0.007152,0.006496,0.005847,0.005208,0.004581,0.003967,0.003368,0.002785,0.002216,0.001664,0.001127,0.000605,0.000102,-0.000386,-0.000858,-0.001315,-0.001756,-0.002180,-0.002588,-0.002980,-0.003356,-0.003716,-0.004058,-0.004385,-0.004695,-0.004988,-0.005264,-0.005522,-0.005762,-0.005985,-0.006191,-0.006378,-0.006545,-0.006693,-0.006816,-0.006902,-0.006928,-0.006846,-0.006572,-0.005981,-0.004906,-0.003028,-0.001956
0.001765,0.002798,0.004629,0.005724,0.006336,0.006611,0.006686,0.006671,0.006608,0.006500,0.006363,0.006217,0.006065,0.005887,0.005685,0.005478,0.005261,0.005019,0.004755,0.004480,0.004187,0.003876,0.003554,0.003221,0.002866,0.002490,0.002100,0.001701,0.001282,0.000840,0.000386,-0.000084,-0.000573,-0.001083,-0.001611,-0.002152,-0.002717,-0.003303,-0.003907,-0.004530,-0.005173,-0.005834,-0.006507,-0.007200,-0.007905,-0.008619,-0.009339,-0.010055,-0.010766,-0.011477,-0.011983,-0.014637,0.000000,0.000000,0.000000,0.000000,0.000000,0.000000,0.000000,0.000000,0.000000,0.000000,0.000000,0.000000,0.000000,0.000000,0.000000,0.000000,0.000000,0.000000,0.000000,0.000000,0.000000,0.000000,0.000000,0.000000,0.000000,0.015447,0.012657,0.012125,0.011376,0.010627,0.009873,0.009119,0.008368,0.007625,0.006895,0.006178,0.005479,0.004799,0.004137,0.003493,0.002870,0.002265,0.001679,0.001112,0.000562,0.000031,-0.000481,-0.000977,-0.001456,-0.001917,-0.002360,-0.002787,-0.003196,-0.003588,-0.003963,-0.004321,-0.004661,-0.004984,-0.005290,-0.005577,-0.005845,-0.006096,-0.006329,-0.006543,-0.006738,-0.006912,-0.007066,-0.007194,-0.007284,-0.007310,-0.007222,-0.006932,-0.006309,-0.005176,-0.003195,-0.002064
0.001865,0.002948,0.004871,0.006024,0.006669,0.006959,0.007040,0.007024,0.006958,0.006848,0.006708,0.006557,0.006396,0.006213,0.006007,0.005789,0.005564,0.005315,0.005042,0.004752,0.004448,0.004131,0.003798,0.003445,0.003077,0.002691,0.002285,0.001867,0.001429,0.000971,0.000496,0.000002,-0.000509,-0.001044,-0.001600,-0.002173,-0.002773,-0.003394,-0.004040,-0.004710,-0.005403,-0.006119,-0.006861,-0.007627,-0.008416,-0.009225,-0.010044,-0.010867,-0.011679,-0.012460,-0.012953,-0.015435,0.000000,0.000000,0.000000,0.000000,0.000000,0.000000,0.000000,0.000000,0.000000,0.000000,0.000000,0.000000,0.000000,0.000000,0.000000,0.000000,0.000000,0.000000,0.000000,0.000000,0.000000,0.000000,0.000000,0.000000,0.000000,0.016290,0.013683,0.013169,0.012344,0.011489,0.010625,0.009764,0.008916,0.008087,0.007277,0.006493,0.005733,0.004998,0.004287,0.003600,0.002936,0.002295,0.001676,0.001077,0.000500,-0.000056,-0.000594,-0.001113,-0.001614,-0.002095,-0.002557,-0.003002,-0.003429,-0.003838,-0.004228,-0.004601,-0.004955,-0.005291,-0.005609,-0.005908,-0.006188,-0.006449,-0.006691,-0.006914,-0.007117,-0.007299,-0.007459,-0.007592,-0.007684,-0.007711,-0.007617,-0.007312,-0.006654,-0.005459,-0.003370,-0.002178
0.001966,0.003107,0.005130,0.006336,0.007013,0.007324,0.007413,0.007392,0.007321,0.007214,0.007072,0.006912,0.006744,0.006558,0.006345,0.006117,0.005883,0.005628,0.005343,0.005040,0.004728,0.004404,0.004055,0.003687,0.003309,0.002908,0.002486,0.002051,0.001597,0.001121,0.000623,0.000108,-0.000424,-0.000985,-0.001568,-0.002173,-0.002803,-0.003463,-0.004151,-0.004865,-0.005606,-0.006381,-0.007191,-0.008033,-0.008909,-0.009817,-0.010746,-0.011687,-0.012619,-0.013505,-0.014040,-0.016631,0.000000,0.000000,0.000000,0.000000,0.000000,0.000000,0.000000,0.000000,0.000000,0.000000,0.000000,0.000000,0.000000,0.000000,0.000000,0.000000,0.000000,0.000000,0.000000,0.000000,0.000000,0.000000,0.000000,0.000000,0.000000,0.017553,0.014832,0.014275,0.013342,0.012361,0.011371,0.010396,0.009446,0.008525,0.007638,0.006783,0.005962,0.005173,0.004413,0.003682,0.002980,0.002303,0.001651,0.001023,0.000418,-0.000165,-0.000726,-0.001268,-0.001790,-0.002290,-0.002773,-0.003236,-0.003680,-0.004105,-0.004511,-0.004899,-0.005267,-0.005617,-0.005947,-0.006258,-0.006549,-0.006821,-0.007073,-0.007305,-0.007516,-0.007705,-0.007872,-0.008010,-0.008106,-0.008131,-0.008032,-0.007710,-0.007017,-0.005756,-0.003554,-0.002298
0.002075,0.003274,0.005396,0.006660,0.007376,0.007706,0.007801,0.007779,0.007705,0.007597,0.007453,0.007286,0.007110,0.006918,0.006700,0.006464,0.006218,0.005955,0.005662,0.005346,0.005025,0.004693,0.004331,0.003948,0.003555,0.003142,0.002708,0.002253,0.001781,0.001291,0.000773,0.000236,-0.000320,-0.000903,-0.001512,-0.002148,-0.002809,-0.003503,-0.004230,-0.004987,-0.005778,-0.006611,-0.007486,-0.008408,-0.009375,-0.010381,-0.011432,-0.012515,-0.013607,-0.014658,-0.015329,-0.018234,0.000000,0.000000,0.000000,0.000000,0.000000,0.000000,0.000000,0.000000,0.000000,0.000000,0.000000,0.000000,0.000000,0.000000,0.000000,0.000000,0.000000,0.000000,0.000000,0.000000,0.000000,0.000000,0.000000,0.000000,0.000000,0.019239,0.016192,0.015496,0.014387,0.013241,0.012105,0.011004,0.009945,0.008931,0.007964,0.007041,0.006159,0.005316,0.004511,0.003738,0.002997,0.002287,0.001603,0.000946,0.000315,-0.000293,-0.000879,-0.001443,-0.001985,-0.002506,-0.003007,-0.003489,-0.003950,-0.004391,-0.004813,-0.005216,-0.005598,-0.005962,-0.006305,-0.006627,-0.006930,-0.007213,-0.007475,-0.007716,-0.007935,-0.008133,-0.008306,-0.008448,-0.008548,-0.008574,-0.008469,-0.008128,-0.007397,-0.006069,-0.003748,-0.002423
0.002187,0.003447,0.005677,0.007005,0.007754,0.008104,0.008209,0.008185,0.008107,0.007998,0.007852,0.007678,0.007493,0.007296,0.007074,0.006828,0.006573,0.006301,0.005998,0.005671,0.005342,0.004999,0.004623,0.004228,0.003822,0.003396,0.002946,0.002475,0.001989,0.001481,0.000944,0.000388,-0.000190,-0.000796,-0.001430,-0.002093,-0.002785,-0.003512,-0.004275,-0.005072,-0.005912,-0.006799,-0.007743,-0.008740,-0.009788,-0.010904,-0.012089,-0.013332,-0.014626,-0.015931,-0.016864,-0.020324,0.000000,0.000000,0.000000,0.000000,0.000000,0.000000,0.000000,0.000000,0.000000,0.000000,0.000000,0.000000,0.000000,0.000000,0.000000,0.000000,0.000000,0.000000,0.000000,0.000000,0.000000,0.000000,0.000000,0.000000,0.000000,0.021438,0.017809,0.016839,0.015468,0.014110,0.012806,0.011568,0.010398,0.009291,0.008246,0.007256,0.006318,0.005425,0.004574,0.003762,0.002986,0.002242,0.001529,0.000844,0.000187,-0.000445,-0.001054,-0.001640,-0.002202,-0.002742,-0.003262,-0.003761,-0.004239,-0.004697,-0.005135,-0.005552,-0.005949,-0.006326,-0.006682,-0.007017,-0.007332,-0.007625,-0.007898,-0.008148,-0.008376,-0.008582,-0.008761,-0.008909,-0.009013,-0.009039,-0.008927,-0.008567,-0.007796,-0.006397,-0.003951,-0.002555
0.002305,0.003630,0.005973,0.007361,0.008149,0.008522,0.008634,0.008608,0.008528,0.008418,0.008269,0.008089,0.007895,0.007691,0.007465,0.007212,0.006945,0.006663,0.006352,0.006018,0.005676,0.005320,0.004936,0.004529,0.004106,0.003669,0.003208,0.002719,0.002216,0.001692,0.001140,0.000564,-0.000037,-0.000661,-0.001318,-0.002008,-0.002729,-0.003484,-0.004279,-0.005115,-0.006000,-0.006941,-0.007945,-0.009005,-0.010140,-0.011364,-0.012677,-0.014100,-0.015635,-0.017275,-0.018644,-0.023090,0.000000,0.000000,0.000000,0.000000,0.000000,0.000000,0.000000,0.000000,0.000000,0.000000,0.000000,0.000000,0.000000,0.000000,0.000000,0.000000,0.000000,0.000000,0.000000,0.000000,0.000000,0.000000,0.000000,0.000000,0.000000,0.024342,0.019680,0.018259,0.016535,0.014929,0.013441,0.012064,0.010785,0.009591,0.008473,0.007422,0.006429,0.005490,0.004599,0.003750,0.002941,0.002167,0.001425,0.000715,0.000034,-0.000622,-0.001252,-0.001858,-0.002439,-0.003000,-0.003537,-0.004054,-0.004549,-0.005023,-0.005476,-0.005909,-0.006321,-0.006711,-0.007080,-0.007428,-0.007755,-0.008060,-0.008343,-0.008602,-0.008839,-0.009053,-0.009239,-0.009393,-0.009501,-0.009527,-0.009408,-0.009028,-0.008215,-0.006740,-0.004163,-0.002693
0.002428,0.003820,0.006279,0.007737,0.008564,0.008957,0.009078,0.009054,0.008970,0.008856,0.008705,0.008519,0.008316,0.008105,0.007874,0.007613,0.007336,0.007044,0.006725,0.006384,0.006031,0.005660,0.005267,0.004849,0.004412,0.003962,0.003487,0.002985,0.002466,0.001926,0.001359,0.000765,0.000146,-0.000499,-0.001177,-0.001889,-0.002635,-0.003417,-0.004240,-0.005110,-0.006038,-0.007029,-0.008073,-0.009195,-0.010411,-0.011724,-0.013163,-0.014750,-0.016529,-0.018559,-0.020515,-0.026883,0.000000,0.000000,0.000000,0.000000,0.000000,0.000000,0.000000,0.000000,0.000000,0.000000,0.000000,0.000000,0.000000,0.000000,0.000000,0.000000,0.000000,0.000000,0.000000,0.000000,0.000000,0.000000,0.000000,0.000000,0.000000,0.028321,0.021646,0.019613,0.017485,0.015625,0.013967,0.012463,0.011086,0.009814,0.008632,0.007527,0.006489,0.005509,0.004581,0.003700,0.002860,0.002059,0.001293,0.000558,-0.000146,-0.000823,-0.001475,-0.002099,-0.002700,-0.003279,-0.003835,-0.004367,-0.004879,-0.005370,-0.005839,-0.006286,-0.006713,-0.007117,-0.007499,-0.007861,-0.008199,-0.008516,-0.008810,-0.009080,-0.009326,-0.009547,-0.009741,-0.009901,-0.010013,-0.010039,-0.009912,-0.009511,-0.008654,-0.007101,-0.004387,-0.002837
0.002554,0.004018,0.006603,0.008129,0.008995,0.009411,0.009544,0.009519,0.009432,0.009314,0.009160,0.008968,0.008757,0.008539,0.008302,0.008036,0.007747,0.007443,0.007118,0.006770,0.006403,0.006020,0.005620,0.005189,0.004738,0.004276,0.003789,0.003275,0.002740,0.002184,0.001604,0.000993,0.000356,-0.000306,-0.001002,-0.001734,-0.002502,-0.003306,-0.004153,-0.005058,-0.006025,-0.007040,-0.008124,-0.009306,-0.010576,-0.011963,-0.013496,-0.015208,-0.017172,-0.019510,-0.021739,-0.032317,0.000000,0.000000,0.000000,0.000000,0.000000,0.000000,0.000000,0.000000,0.000000,0.000000,0.000000,0.000000,0.000000,0.000000,0.000000,0.000000,0.000000,0.000000,0.000000,0.000000,0.000000,0.000000,0.000000,0.000000,0.000000,0.034016,0.022930,0.020618,0.018170,0.016123,0.014334,0.012735,0.011282,0.009949,0.008716,0.007566,0.006489,0.005476,0.004517,0.003607,0.002742,0.001916,0.001127,0.000372,-0.000354,-0.001052,-0.001721,-0.002365,-0.002985,-0.003581,-0.004153,-0.004704,-0.005232,-0.005738,-0.006223,-0.006686,-0.007126,-0.007545,-0.007941,-0.008315,-0.008667,-0.008995,-0.009299,-0.009580,-0.009836,-0.010065,-0.010267,-0.010435,-0.010549,-0.010575,-0.010440,-0.010017,-0.009114,-0.007479,-0.004621,-0.002989
0.002689,0.004226,0.006938,0.008538,0.009446,0.009884,0.010027,0.010008,0.009916,0.009792,0.009634,0.009437,0.009219,0.008993,0.008750,0.008477,0.008180,0.007863,0.007530,0.007176,0.006796,0.006402,0.005991,0.005550,0.005088,0.004611,0.004111,0.003587,0.003038,0.002467,0.001873,0.001250,0.000597,-0.000083,-0.000794,-0.001542,-0.002328,-0.003150,-0.004021,-0.004956,-0.005940,-0.006975,-0.008102,-0.009311,-0.010623,-0.012061,-0.013645,-0.015419,-0.017427,-0.019733,-0.022349,-0.025333,-0.025215,0.000000,0.000000,0.000000,0.000000,0.000000,0.000000,0.000000,0.000000,0.000000,0.000000,0.000000,0.000000,0.000000,0.000000,0.000000,0.000000,0.000000,0.000000,0.000000,0.000000,0.000000,0.000000,0.000000,0.026494,0.026662,0.023570,0.020857,0.018454,0.016361,0.014514,0.012858,0.011358,0.009984,0.008715,0.007533,0.006427,0.005386,0.004403,0.003471,0.002584,0.001738,0.000929,0.000153,-0.000591,-0.001306,-0.001994,-0.002655,-0.003292,-0.003906,-0.004494,-0.005061,-0.005606,-0.006128,-0.006628,-0.007107,-0.007562,-0.007995,-0.008406,-0.008793,-0.009157,-0.009498,-0.009814,-0.010105,-0.010370,-0.010609,-0.010819,-0.010993,-0.011112,-0.011138,-0.010994,-0.010548,-0.009597,-0.007876,-0.004866,-0.003148
0.002826,0.004441,0.007291,0.008968,0.009917,0.010378,0.010533,0.010516,0.010421,0.010291,0.010128,0.009928,0.009703,0.009467,0.009217,0.008940,0.008632,0.008303,0.007963,0.007601,0.007210,0.006804,0.006382,0.005932,0.005459,0.004969,0.004457,0.003921,0.003360,0.002775,0.002169,0.001534,0.000867,0.000175,-0.000550,-0.001312,-0.002110,-0.002949,-0.003845,-0.004792,-0.005779,-0.006845,-0.007989,-0.009215,-0.010550,-0.012004,-0.013607,-0.015389,-0.017388,-0.019654,-0.022263,-0.024414,-0.034834,0.000000,0.000000,0.000000,0.000000,0.000000,0.000000,0.000000,0.000000,0.000000,0.000000,0.000000,0.000000,0.000000,0.000000,0.000000,0.000000,0.000000,0.000000,0.000000,0.000000,0.000000,0.000000,0.000000,0.036552,0.025690,0.023484,0.020784,0.018431,0.016353,0.014499,0.012828,0.011309,0.009915,0.008625,0.007424,0.006299,0.005240,0.004239,0.003290,0.002386,0.001523,0.000697,-0.000096,-0.000857,-0.001589,-0.002292,-0.002971,-0.003624,-0.004253,-0.004859,-0.005442,-0.006002,-0.006540,-0.007057,-0.007550,-0.008020,-0.008468,-0.008893,-0.009294,-0.009672,-0.010025,-0.010352,-0.010655,-0.010930,-0.011179,-0.011398,-0.011577,-0.011701,-0.011727,-0.011574,-0.011103,-0.010103,-0.008291,-0.005123,-0.003315
0.002972,0.004667,0.007656,0.009414,0.010409,0.010894,0.011060,0.011048,0.010950,0.010811,0.010642,0.010440,0.010209,0.009963,0.009705,0.009423,0.009105,0.008766,0.008417,0.008046,0.007646,0.007229,0.006793,0.006335,0.005853,0.005348,0.004825,0.004280,0.003706,0.003109,0.002492,0.001846,0.001170,0.000464,-0.000272,-0.001042,-0.001852,-0.002711,-0.003617,-0.004557,-0.005561,-0.006640,-0.007782,-0.009019,-0.010351,-0.011802,-0.013390,-0.015138,-0.017082,-0.019238,-0.021638,-0.024248,-0.026911,-0.030551,0.000000,0.000000,0.000000,0.000000,0.000000,0.000000,0.000000,0.000000,0.000000,0.000000,0.000000,0.000000,0.000000,0.000000,0.000000,0.000000,0.000000,0.000000,0.000000,0.000000,0.000000,0.031973,0.028249,0.025520,0.022841,0.020366,0.018131,0.016120,0.014301,0.012648,0.011135,0.009741,0.008447,0.007239,0.006105,0.005036,0.004024,0.003063,0.002146,0.001270,0.000430,-0.000376,-0.001152,-0.001899,-0.002617,-0.003311,-0.003980,-0.004624,-0.005246,-0.005845,-0.006421,-0.006975,-0.007507,-0.008015,-0.008501,-0.008964,-0.009404,-0.009819,-0.010211,-0.010577,-0.010916,-0.011230,-0.011517,-0.011776,-0.012003,-0.012190,-0.012318,-0.012344,-0.012182,-0.011686,-0.010632,-0.008725,-0.005392,-0.003490
0.003122,0.004902,0.008039,0.009882,0.010922,0.011430,0.011611,0.011603,0.011499,0.011352,0.011178,0.010973,0.010737,0.010481,0.010216,0.009927,0.009600,0.009249,0.008891,0.008511,0.008103,0.007674,0.007226,0.006759,0.006267,0.005750,0.005215,0.004661,0.004077,0.003470,0.002841,0.002186,0.001502,0.000787,0.000042,-0.000736,-0.001557,-0.002427,-0.003326,-0.004270,-0.005284,-0.006353,-0.007496,-0.008720,-0.010036,-0.011460,-0.013008,-0.014700,-0.016553,-0.018588,-0.020808,-0.023187,-0.025559,-0.026939,-0.028356,0.000000,0.000000,0.000000,0.000000,0.000000,0.000000,0.000000,0.000000,0.000000,0.000000,0.000000,0.000000,0.000000,0.000000,0.000000,0.000000,0.000000,0.000000,0.000000,0.029584,0.028200,0.026836,0.024424,0.021994,0.019709,0.017610,0.015691,0.013937,0.012327,0.010843,0.009466,0.008182,0.006979,0.005847,0.004775,0.003759,0.002791,0.001866,0.000981,0.000130,-0.000688,-0.001476,-0.002235,-0.002968,-0.003676,-0.004359,-0.005019,-0.005656,-0.006270,-0.006862,-0.007432,-0.007979,-0.008504,-0.009005,-0.009484,-0.009938,-0.010369,-0.010775,-0.011154,-0.011507,-0.011833,-0.012131,-0.012400,-0.012636,-0.012831,-0.012965,-0.012990,-0.012818,-0.012295,-0.011187,-0.009181,-0.005675,-0.003673
0.003279,0.005147,0.008438,0.010367,0.011457,0.011990,0.012183,0.012181,0.012073,0.011918,0.011738,0.011529,0.011286,0.011022,0.010748,0.010452,0.010116,0.009756,0.009386,0.008997,0.008582,0.008140,0.007680,0.007205,0.006703,0.006174,0.005629,0.005065,0.004472,0.003856,0.003218,0.002555,0.001864,0.001142,0.000391,-0.000397,-0.001227,-0.002088,-0.002983,-0.003934,-0.004937,-0.005998,-0.007126,-0.008327,-0.009613,-0.010993,-0.012484,-0.014096,-0.015846,-0.017751,-0.019830,-0.022129,-0.024794,-0.026888,-0.043921,0.000000,0.000000,0.000000,0.000000,0.000000,0.000000,0.000000,0.000000,0.000000,0.000000,0.000000,0.000000,0.000000,0.000000,0.000000,0.000000,0.000000,0.000000,0.000000,0.045748,0.028157,0.026055,0.023345,0.021000,0.018867,0.016908,0.015100,0.013428,0.011881,0.010442,0.009098,0.007837,0.006649,0.005526,0.004460,0.003446,0.002476,0.001548,0.000655,-0.000203,-0.001030,-0.001828,-0.002598,-0.003344,-0.004065,-0.004762,-0.005436,-0.006088,-0.006718,-0.007325,-0.007912,-0.008475,-0.009015,-0.009533,-0.010027,-0.010498,-0.010944,-0.011364,-0.011757,-0.012124,-0.012463,-0.012773,-0.013053,-0.013299,-0.013503,-0.013641,-0.013666,-0.013484,-0.012934,-0.011767,-0.009657,-0.005970,-0.003865
0.003441,0.005400,0.008854,0.010877,0.012015,0.012573,0.012780,0.012781,0.012670,0.012507,0.012321,0.012108,0.011859,0.011587,0.011304,0.010998,0.010654,0.010285,0.009902,0.009504,0.009081,0.008628,0.008156,0.007671,0.007160,0.006622,0.006065,0.005491,0.004892,0.004268,0.003620,0.002951,0.002255,0.001529,0.000768,-0.000028,-0.000849,-0.001703,-0.002602,-0.003542,-0.004533,-0.005578,-0.006681,-0.007851,-0.009092,-0.010419,-0.011836,-0.013354,-0.014984,-0.016739,-0.018638,-0.020708,-0.023016,-0.025630,-0.029763,-0.023802,-0.027310,0.000000,0.000000,0.000000,0.000000,0.000000,0.000000,0.000000,0.000000,0.000000,0.000000,0.000000,0.000000,0.000000,0.000000,0.000000,0.028256,0.024794,0.031082,0.026881,0.024242,0.021903,0.019794,0.017854,0.016051,0.014370,0.012798,0.011327,0.009947,0.008646,0.007418,0.006255,0.005149,0.004094,0.003087,0.002121,0.001192,0.000297,-0.000567,-0.001401,-0.002206,-0.002987,-0.003744,-0.004477,-0.005187,-0.005876,-0.006542,-0.007187,-0.007811,-0.008413,-0.008992,-0.009550,-0.010084,-0.010595,-0.011082,-0.011544,-0.011979,-0.012388,-0.012769,-0.013122,-0.013445,-0.013736,-0.013993,-0.014205,-0.014348,-0.014373,-0.014181,-0.013602,-0.012375,-0.010156,-0.006279,-0.004066
0.003611,0.005666,0.009286,0.011405,0.012597,0.013182,0.013401,0.013406,0.013292,0.013121,0.012928,0.012710,0.012456,0.012176,0.011883,0.011565,0.011214,0.010837,0.010442,0.010034,0.009601,0.009137,0.008655,0.008159,0.007638,0.007091,0.006525,0.005940,0.005335,0.004703,0.004049,0.003374,0.002674,0.001941,0.001171,0.000382,-0.000430,-0.001285,-0.002173,-0.003102,-0.004078,-0.005096,-0.006171,-0.007299,-0.008492,-0.009752,-0.011085,-0.012499,-0.013998,-0.015586,-0.017271,-0.019056,-0.020932,-0.022849,-0.024579,-0.024253,-0.024872,-0.038399,0.000000,0.000000,0.000000,0.000000,0.000000,0.000000,0.000000,0.000000,0.000000,0.000000,0.000000,0.000000,0.000000,0.039579,0.025826,0.025309,0.025754,0.024044,0.022127,0.020232,0.018420,0.016702,0.015073,0.013529,0.012068,0.010684,0.009370,0.008123,0.006936,0.005803,0.004720,0.003683,0.002686,0.001727,0.000801,-0.000094,-0.000959,-0.001798,-0.002611,-0.003401,-0.004168,-0.004912,-0.005635,-0.006337,-0.007018,-0.007679,-0.008319,-0.008937,-0.009533,-0.010108,-0.010659,-0.011188,-0.011692,-0.012170,-0.012621,-0.013046,-0.013443,-0.013810,-0.014146,-0.014450,-0.014718,-0.014939,-0.015088,-0.015114,-0.014911,-0.014301,-0.013011,-0.010679,-0.006603,-0.004276
0.003786,0.005940,0.009736,0.011957,0.013203,0.013816,0.014049,0.014056,0.013937,0.013761,0.013560,0.013335,0.013077,0.012791,0.012485,0.012155,0.011796,0.011410,0.011004,0.010585,0.010141,0.009669,0.009176,0.008666,0.008137,0.007583,0.007006,0.006413,0.005800,0.005163,0.004503,0.003823,0.003117,0.002376,0.001608,0.000831,0.000017,-0.000829,-0.001703,-0.002621,-0.003571,-0.004564,-0.005602,-0.006686,-0.007822,-0.009010,-0.010256,-0.011558,-0.012921,-0.014338,-0.015806,-0.017311,-0.018816,-0.020249,-0.021448,-0.022150,-0.023388,-0.026316,-0.020830,-0.033184,0.000000,0.000000,0.000000,0.000000,0.000000,0.000000,0.000000,0.000000,0.000000,0.033935,0.021531,0.027276,0.024383,0.023213,0.022577,0.021413,0.019991,0.018478,0.016955,0.015460,0.014008,0.012607,0.011260,0.009968,0.008728,0.007539,0.006398,0.005302,0.004247,0.003231,0.002249,0.001299,0.000379,-0.000513,-0.001379,-0.002221,-0.003040,-0.003837,-0.004613,-0.005368,-0.006104,-0.006819,-0.007515,-0.008191,-0.008847,-0.009482,-0.010096,-0.010689,-0.011258,-0.011805,-0.012327,-0.012822,-0.013291,-0.013733,-0.014145,-0.014528,-0.014879,-0.015196,-0.015476,-0.015707,-0.015863,-0.015888,-0.015675,-0.015033,-0.013676,-0.011226,-0.006942,-0.004496
0.003969,0.006227,0.010205,0.012529,0.013835,0.014476,0.014720,0.014732,0.014610,0.014427,0.014218,0.013985,0.013722,0.013430,0.013110,0.012768,0.012401,0.012006,0.011590,0.011157,0.010703,0.010222,0.009718,0.009196,0.008658,0.008095,0.007509,0.006907,0.006287,0.005645,0.004981,0.004293,0.003578,0.002837,0.002083,0.001304,0.000492,-0.000336,-0.001203,-0.002100,-0.003025,-0.003988,-0.004985,-0.006022,-0.007097,-0.008212,-0.009367,-0.010560,-0.011787,-0.013040,-0.014306,-0.015565,-0.016776,-0.017884,-0.018810,-0.019514,-0.020210,-0.020788,-0.019568,-0.020487,-0.014332,-0.004581,-0.002395,-0.000928,0.000107,0.001148,0.002642,0.004879,0.014849,0.021197,0.020370,0.021719,0.021217,0.020582,0.019930,0.019038,0.017945,0.016733,0.015463,0.014175,0.012893,0.011631,0.010398,0.009199,0.008035,0.006908,0.005816,0.004759,0.003736,0.002743,0.001779,0.000842,-0.000071,-0.000958,-0.001823,-0.002667,-0.003490,-0.004294,-0.005079,-0.005845,-0.006592,-0.007321,-0.008031,-0.008724,-0.009396,-0.010048,-0.010681,-0.011292,-0.011881,-0.012446,-0.012986,-0.013500,-0.013988,-0.014448,-0.014878,-0.015277,-0.015643,-0.015976,-0.016268,-0.016509,-0.016673,-0.016699,-0.016474,-0.015799,-0.014373,-0.011798,-0.007296,-0.004726
0.004158,0.006524,0.010693,0.013128,0.014493,0.015164,0.015419,0.015432,0.015310,0.015121,0.014903,0.014661,0.014393,0.014093,0.013760,0.013405,0.013029,0.012626,0.012198,0.011751,0.011286,0.010796,0.010280,0.009747,0.009199,0.008627,0.008034,0.007423,0.006795,0.006149,0.005479,0.004781,0.004062,0.003330,0.002579,0.001798,0.001002,0.000182,-0.000671,-0.001543,-0.002446,-0.003374,-0.004332,-0.005318,-0.006333,-0.007375,-0.008440,-0.009527,-0.010626,-0.011729,-0.012814,-0.013864,-0.014841,-0.015701,-0.016393,-0.016881,-0.017156,-0.017054,-0.016169,-0.014866,-0.011160,-0.006321,-0.003434,-0.001424,0.000207,0.001845,0.003891,0.006843,0.011803,0.015635,0.017033,0.018012,0.018185,0.017968,0.017525,0.016863,0.016020,0.015046,0.013988,0.012884,0.011756,0.010625,0.009502,0.008394,0.007306,0.006241,0.005200,0.004184,0.003193,0.002227,0.001282,0.000358,-0.000544,-0.001426,-0.002289,-0.003133,-0.003961,-0.004771,-0.005563,-0.006340,-0.007099,-0.007841,-0.008567,-0.009275,-0.009965,-0.010636,-0.011288,-0.011918,-0.012526,-0.013111,-0.013671,-0.014206,-0.014714,-0.015193,-0.015641,-0.016058,-0.016442,-0.016789,-0.017096,-0.017349,-0.017519,-0.017547,-0.017310,-0.016601,-0.015103,-0.012397,-0.007668,-0.004967
0.004356,0.006834,0.011200,0.013750,0.015179,0.015880,0.016146,0.016160,0.016037,0.015843,0.015614,0.015363,0.015090,0.014781,0.014435,0.014066,0.013680,0.013269,0.012829,0.012367,0.011890,0.011391,0.010864,0.010319,0.009759,0.009179,0.008579,0.007959,0.007324,0.006673,0.005993,0.005287,0.004574,0.003847,0.003091,0.002321,0.001534,0.000722,-0.000110,-0.000963,-0.001837,-0.002733,-0.003649,-0.004586,-0.005541,-0.006512,-0.007493,-0.008481,-0.009464,-0.010430,-0.011363,-0.012237,-0.013025,-0.013686,-0.014180,-0.014461,-0.014474,-0.014104,-0.013184,-0.011653,-0.009118,-0.006109,-0.003600,-0.001537,0.000296,0.002139,0.004233,0.006796,0.009886,0.012507,0.014118,0.015111,0.015543,0.015581,0.015338,0.014871,0.014224,0.013442,0.012561,0.011614,0.010624,0.009612,0.008591,0.007569,0.006554,0.005549,0.004559,0.003585,0.002628,0.001687,0.000763,-0.000146,-0.001037,-0.001912,-0.002773,-0.003618,-0.004448,-0.005264,-0.006065,-0.006851,-0.007623,-0.008379,-0.009121,-0.009846,-0.010553,-0.011243,-0.011915,-0.012565,-0.013195,-0.013801,-0.014383,-0.014939,-0.015468,-0.015968,-0.016436,-0.016872,-0.017274,-0.017639,-0.017960,-0.018226,-0.018406,-0.018434,-0.018185,-0.017440,-0.015867,-0.013024,-0.008056,-0.005220
0.004561,0.007156,0.011728,0.014398,0.015892,0.016625,0.016900,0.016917,0.016792,0.016593,0.016353,0.016094,0.015813,0.015493,0.015134,0.014753,0.014355,0.013934,0.013481,0.013006,0.012517,0.012005,0.011468,0.010912,0.010340,0.009751,0.009143,0.008515,0.007871,0.007209,0.006521,0.005819,0.005108,0.004375,0.003626,0.002866,0.002083,0.001286,0.000471,-0.000360,-0.001208,-0.002071,-0.002946,-0.003836,-0.004733,-0.005638,-0.006541,-0.007438,-0.008318,-0.009167,-0.009968,-0.010700,-0.011334,-0.011841,-0.012180,-0.012310,-0.012176,-0.011704,-0.010810,-0.009442,-0.007555,-0.005393,-0.003321,-0.001419,0.000376,0.002179,0.004107,0.006220,0.008439,0.010389,0.011819,0.012772,0.013295,0.013471,0.013376,0.013059,0.012567,0.011936,0.011199,0.010385,0.009515,0.008609,0.007680,0.006738,0.005791,0.004844,0.003903,0.002969,0.002045,0.001130,0.000226,-0.000666,-0.001546,-0.002414,-0.003271,-0.004117,-0.004950,-0.005771,-0.006581,-0.007377,-0.008161,-0.008933,-0.009690,-0.010433,-0.011160,-0.011870,-0.012562,-0.013234,-0.013886,-0.014515,-0.015121,-0.015700,-0.016251,-0.016773,-0.017264,-0.017721,-0.018142,-0.018525,-0.018863,-0.019143,-0.019332,-0.019363,-0.019101,-0.018319,-0.016666,-0.013682,-0.008463,-0.005484
0.004774,0.007490,0.012277,0.015071,0.016636,0.017398,0.017684,0.017704,0.017578,0.017371,0.017122,0.016853,0.016563,0.016232,0.015860,0.015465,0.015055,0.014622,0.014156,0.013668,0.013164,0.012640,0.012092,0.011524,0.010939,0.010341,0.009725,0.009088,0.008434,0.007759,0.007070,0.006373,0.005654,0.004920,0.004181,0.003422,0.002651,0.001866,0.001067,0.000259,-0.000564,-0.001393,-0.002232,-0.003075,-0.003921,-0.004763,-0.005597,-0.006413,-0.007202,-0.007951,-0.008643,-0.009259,-0.009774,-0.010161,-0.010390,-0.010421,-0.010216,-0.009725,-0.008910,-0.007749,-0.006266,-0.004588,-0.002873,-0.001196,0.000448,0.002097,0.003794,0.005541,0.007261,0.008791,0.009999,0.010862,0.011394,0.011635,0.011631,0.011424,0.011048,0.010536,0.009915,0.009210,0.008443,0.007629,0.006781,0.005912,0.005027,0.004135,0.003239,0.002344,0.001452,0.000563,-0.000321,-0.001198,-0.002066,-0.002928,-0.003782,-0.004627,-0.005464,-0.006291,-0.007109,-0.007916,-0.008713,-0.009500,-0.010275,-0.011036,-0.011783,-0.012514,-0.013228,-0.013924,-0.014600,-0.015254,-0.015884,-0.016488,-0.017064,-0.017611,-0.018125,-0.018605,-0.019048,-0.019451,-0.019807,-0.020101,-0.020301,-0.020334,-0.020061,-0.019239,-0.017504,-0.014370,-0.008890,-0.005762
0.004994,0.007838,0.012849,0.015773,0.017408,0.018204,0.018499,0.018521,0.018394,0.018180,0.017920,0.017641,0.017339,0.016996,0.016611,0.016203,0.015779,0.015332,0.014854,0.014353,0.013833,0.013294,0.012737,0.012156,0.011558,0.010949,0.010324,0.009676,0.009008,0.008326,0.007641,0.006937,0.006212,0.005485,0.004747,0.003994,0.003233,0.002458,0.001677,0.000887,0.000091,-0.000709,-0.001512,-0.002314,-0.003111,-0.003897,-0.004670,-0.005415,-0.006127,-0.006791,-0.007395,-0.007918,-0.008343,-0.008643,-0.008795,-0.008770,-0.008539,-0.008073,-0.007352,-0.006378,-0.005175,-0.003818,-0.002388,-0.000939,0.000512,0.001969,0.003433,0.004886,0.006276,0.007513,0.008526,0.009283,0.009783,0.010043,0.010091,0.009956,0.009665,0.009243,0.008715,0.008099,0.007417,0.006682,0.005906,0.005099,0.004272,0.003429,0.002576,0.001718,0.000854,-0.000011,-0.000875,-0.001737,-0.002595,-0.003450,-0.004301,-0.005147,-0.005986,-0.006820,-0.007647,-0.008466,-0.009277,-0.010080,-0.010872,-0.011653,-0.012421,-0.013175,-0.013913,-0.014634,-0.015335,-0.016016,-0.016673,-0.017304,-0.017908,-0.018481,-0.019021,-0.019525,-0.019992,-0.020417,-0.020792,-0.021104,-0.021316,-0.021352,-0.021065,-0.020203,-0.018382,-0.015091,-0.009338,-0.006052
0.005224,0.008200,0.013443,0.016503,0.018212,0.019040,0.019347,0.019371,0.019240,0.019020,0.018751,0.018460,0.018142,0.017786,0.017391,0.016968,0.016528,0.016065,0.015574,0.015059,0.014522,0.013969,0.013400,0.012806,0.012196,0.011575,0.010936,0.010275,0.009596,0.008913,0.008224,0.007509,0.006787,0.006059,0.005322,0.004579,0.003823,0.003060,0.002294,0.001524,0.000750,-0.000023,-0.000793,-0.001557,-0.002311,-0.003049,-0.003766,-0.004452,-0.005098,-0.005694,-0.006225,-0.006678,-0.007034,-0.007274,-0.007378,-0.007326,-0.007097,-0.006674,-0.006050,-0.005231,-0.004241,-0.003120,-0.001922,-0.000683,0.000572,0.001830,0.003081,0.004297,0.005441,0.006460,0.007308,0.007962,0.008412,0.008664,0.008735,0.008644,0.008412,0.008058,0.007600,0.007057,0.006444,0.005775,0.005060,0.004310,0.003532,0.002733,0.001919,0.001093,0.000258,-0.000585,-0.001431,-0.002278,-0.003127,-0.003977,-0.004825,-0.005672,-0.006515,-0.007356,-0.008192,-0.009024,-0.009850,-0.010670,-0.011481,-0.012282,-0.013073,-0.013852,-0.014615,-0.015363,-0.016093,-0.016802,-0.017488,-0.018149,-0.018781,-0.019383,-0.019951,-0.020483,-0.020976,-0.021424,-0.021822,-0.022152,-0.022377,-0.022417,-0.022118,-0.021214,-0.019302,-0.015848,-0.009807,-0.006357
0.005463,0.008576,0.014061,0.017262,0.019048,0.019910,0.020228,0.020253,0.020119,0.019892,0.019613,0.019309,0.018975,0.018605,0.018197,0.017760,0.017301,0.016821,0.016318,0.015787,0.015232,0.014664,0.014081,0.013474,0.012851,0.012214,0.011560,0.010886,0.010202,0.009516,0.008812,0.008095,0.007374,0.006641,0.005910,0.005168,0.004419,0.003668,0.002914,0.002162,0.001409,0.000662,-0.000080,-0.000810,-0.001526,-0.002223,-0.002892,-0.003528,-0.004120,-0.004660,-0.005136,-0.005533,-0.005841,-0.006040,-0.006118,-0.006058,-0.005848,-0.005478,-0.004945,-0.004257,-0.003432,-0.002501,-0.001494,-0.000445,0.000628,0.001702,0.002761,0.003781,0.004730,0.005577,0.006288,0.006844,0.007237,0.007466,0.007541,0.007475,0.007280,0.006974,0.006571,0.006084,0.005528,0.004913,0.004250,0.003548,0.002814,0.002054,0.001275,0.000478,-0.000333,-0.001155,-0.001984,-0.002819,-0.003660,-0.004504,-0.005351,-0.006199,-0.007047,-0.007896,-0.008742,-0.009587,-0.010430,-0.011267,-0.012099,-0.012923,-0.013738,-0.014542,-0.015334,-0.016111,-0.016871,-0.017611,-0.018329,-0.019021,-0.019686,-0.020319,-0.020918,-0.021480,-0.022001,-0.022476,-0.022898,-0.023248,-0.023488,-0.023534,-0.023222,-0.022274,-0.020268,-0.016642,-0.010299,-0.006677
0.005712,0.008968,0.014705,0.018052,0.019917,0.020815,0.021146,0.021171,0.021032,0.020797,0.020509,0.020188,0.019837,0.019453,0.019032,0.018578,0.018100,0.017602,0.017084,0.016536,0.015963,0.015380,0.014779,0.014159,0.013521,0.012865,0.012194,0.011514,0.010825,0.010123,0.009409,0.008694,0.007964,0.007233,0.006503,0.005762,0.005021,0.004278,0.003536,0.002798,0.002064,0.001338,0.000622,-0.000079,-0.000762,-0.001422,-0.002052,-0.002645,-0.003195,-0.003690,-0.004124,-0.004481,-0.004755,-0.004930,-0.004995,-0.004942,-0.004758,-0.004443,-0.003993,-0.003418,-0.002732,-0.001955,-0.001113,-0.000227,0.000679,0.001589,0.002481,0.003334,0.004125,0.004828,0.005422,0.005890,0.006224,0.006423,0.006489,0.006432,0.006261,0.005988,0.005624,0.005181,0.004670,0.004099,0.003479,0.002818,0.002122,0.001396,0.000646,-0.000125,-0.000913,-0.001717,-0.002531,-0.003355,-0.004189,-0.005029,-0.005875,-0.006725,-0.007580,-0.008436,-0.009295,-0.010155,-0.011014,-0.011871,-0.012724,-0.013572,-0.014414,-0.015246,-0.016067,-0.016876,-0.017669,-0.018443,-0.019195,-0.019922,-0.020621,-0.021289,-0.021922,-0.022517,-0.023069,-0.023573,-0.024022,-0.024396,-0.024653,-0.024705,-0.024381,-0.023388,-0.021282,-0.017475,-0.010816,-0.007013
0.005970,0.009376,0.015375,0.018873,0.020822,0.021757,0.022100,0.022126,0.021980,0.021737,0.021438,0.021100,0.020730,0.020330,0.019895,0.019423,0.018923,0.018408,0.017873,0.017306,0.016716,0.016114,0.015495,0.014860,0.014203,0.013526,0.012844,0.012157,0.011455,0.010738,0.010020,0.009296,0.008561,0.007831,0.007097,0.006359,0.005622,0.004887,0.004155,0.003429,0.002712,0.002004,0.001310,0.000633,-0.000021,-0.000652,-0.001248,-0.001808,-0.002322,-0.002783,-0.003184,-0.003515,-0.003766,-0.003930,-0.003993,-0.003954,-0.003803,-0.003540,-0.003168,-0.002689,-0.002121,-0.001476,-0.000773,-0.000032,0.000729,0.001491,0.002238,0.002950,0.003606,0.004190,0.004682,0.005071,0.005348,0.005511,0.005561,0.005503,0.005345,0.005092,0.004756,0.004347,0.003870,0.003335,0.002751,0.002123,0.001459,0.000763,0.000039,-0.000710,-0.001480,-0.002266,-0.003067,-0.003882,-0.004710,-0.005548,-0.006394,-0.007248,-0.008110,-0.008976,-0.009848,-0.010723,-0.011600,-0.012478,-0.013355,-0.014229,-0.015098,-0.015961,-0.016815,-0.017657,-0.018486,-0.019296,-0.020085,-0.020851,-0.021588,-0.022293,-0.022964,-0.023595,-0.024182,-0.024719,-0.025198,-0.025598,-0.025874,-0.025934,-0.025597,-0.024557,-0.022347,-0.018351,-0.011359,-0.007367
0.006240,0.009800,0.016072,0.019729,0.021762,0.022736,0.023093,0.023118,0.022965,0.022713,0.022401,0.022044,0.021654,0.021238,0.020786,0.020295,0.019774,0.019239,0.018684,0.018098,0.017490,0.016866,0.016228,0.015575,0.014895,0.014201,0.013510,0.012808,0.012089,0.011364,0.010637,0.009900,0.009165,0.008430,0.007693,0.006956,0.006221,0.005493,0.004767,0.004053,0.003348,0.002657,0.001981,0.001325,0.000693,0.000088,-0.000482,-0.001015,-0.001502,-0.001938,-0.002316,-0.002628,-0.002866,-0.003025,-0.003097,-0.003075,-0.002960,-0.002749,-0.002446,-0.002055,-0.001587,-0.001055,-0.000473,0.000143,0.000776,0.001411,0.002031,0.002621,0.003162,0.003642,0.004046,0.004362,0.004586,0.004712,0.004741,0.004676,0.004521,0.004281,0.003964,0.003577,0.003127,0.002621,0.002066,0.001466,0.000828,0.000156,-0.000546,-0.001275,-0.002028,-0.002800,-0.003590,-0.004398,-0.005221,-0.006057,-0.006905,-0.007765,-0.008634,-0.009512,-0.010397,-0.011289,-0.012186,-0.013086,-0.013988,-0.014890,-0.015789,-0.016685,-0.017574,-0.018453,-0.019319,-0.020169,-0.021000,-0.021806,-0.022586,-0.023334,-0.024045,-0.024717,-0.025343,-0.025917,-0.026429,-0.026857,-0.027155,-0.027224,-0.026875,-0.025786,-0.023467,-0.019273,-0.011931,-0.007738
0.006521,0.010242,0.016798,0.020619,0.022741,0.023757,0.024126,0.024149,0.023989,0.023727,0.023400,0.023023,0.022613,0.022177,0.021706,0.021194,0.020652,0.020096,0.019517,0.018910,0.018284,0.017637,0.016976,0.016300,0.015599,0.014894,0.014187,0.013463,0.012732,0.011998,0.011254,0.010512,0.009769,0.009027,0.008290,0.007548,0.006817,0.006091,0.005372,0.004666,0.003971,0.003293,0.002632,0.001993,0.001380,0.000796,0.000245,-0.000266,-0.000734,-0.001151,-0.001513,-0.001814,-0.002047,-0.002207,-0.002290,-0.002293,-0.002213,-0.002051,-0.001811,-0.001497,-0.001117,-0.000682,-0.000206,0.000301,0.000822,0.001345,0.001855,0.002338,0.002781,0.003170,0.003496,0.003748,0.003920,0.004010,0.004016,0.003938,0.003781,0.003546,0.003242,0.002872,0.002441,0.001957,0.001424,0.000847,0.000231,-0.000420,-0.001104,-0.001816,-0.002554,-0.003315,-0.004097,-0.004899,-0.005718,-0.006554,-0.007406,-0.008272,-0.009149,-0.010039,-0.010940,-0.011850,-0.012768,-0.013693,-0.014621,-0.015552,-0.016485,-0.017415,-0.018342,-0.019261,-0.020169,-0.021062,-0.021937,-0.022790,-0.023616,-0.024410,-0.025168,-0.025884,-0.026553,-0.027167,-0.027716,-0.028177,-0.028499,-0.028580,-0.028219,-0.027080,-0.024647,-0.020243,-0.012533,-0.008129
0.006813,0.010702,0.017554,0.021546,0.023761,0.024820,0.025203,0.025223,0.025053,0.024779,0.024435,0.024038,0.023607,0.023149,0.022656,0.022121,0.021558,0.020976,0.020371,0.019745,0.019096,0.018423,0.017738,0.017035,0.016319,0.015600,0.014867,0.014124,0.013384,0.012631,0.011877,0.011124,0.010371,0.009626,0.008881,0.008137,0.007405,0.006680,0.005966,0.005266,0.004579,0.003911,0.003261,0.002636,0.002037,0.001469,0.000934,0.000438,-0.000015,-0.000420,-0.000771,-0.001068,-0.001300,-0.001467,-0.001566,-0.001593,-0.001549,-0.001433,-0.001250,-0.001003,-0.000702,-0.000353,0.000033,0.000443,0.000867,0.001291,0.001705,0.002097,0.002452,0.002764,0.003020,0.003213,0.003338,0.003392,0.003373,0.003280,0.003116,0.002883,0.002585,0.002226,0.001810,0.001341,0.000827,0.000268,-0.000330,-0.000965,-0.001633,-0.002332,-0.003057,-0.003808,-0.004584,-0.005382,-0.006200,-0.007037,-0.007893,-0.008766,-0.009654,-0.010557,-0.011474,-0.012404,-0.013344,-0.014294,-0.015251,-0.016215,-0.017182,-0.018150,-0.019117,-0.020079,-0.021032,-0.021973,-0.022897,-0.023800,-0.024677,-0.025523,-0.026332,-0.027097,-0.027814,-0.028474,-0.029064,-0.029561,-0.029912,-0.030006,-0.029635,-0.028443,-0.025890,-0.021265,-0.013167,-0.008542
0.007117,0.011182,0.018342,0.022511,0.024824,0.025927,0.026325,0.026340,0.026159,0.025871,0.025508,0.025089,0.024636,0.024155,0.023636,0.023078,0.022492,0.021882,0.021249,0.020600,0.019926,0.019224,0.018510,0.017785,0.017054,0.016312,0.015552,0.014797,0.014036,0.013267,0.012502,0.011733,0.010972,0.010219,0.009467,0.008719,0.007985,0.007260,0.006548,0.005851,0.005169,0.004508,0.003868,0.003253,0.002664,0.002107,0.001584,0.001100,0.000657,0.000260,-0.000087,-0.000382,-0.000620,-0.000797,-0.000913,-0.000966,-0.000956,-0.000882,-0.000751,-0.000567,-0.000333,-0.000060,0.000245,0.000572,0.000910,0.001250,0.001579,0.001890,0.002170,0.002411,0.002606,0.002747,0.002828,0.002848,0.002804,0.002695,0.002520,0.002284,0.001989,0.001636,0.001230,0.000774,0.000273,-0.000271,-0.000855,-0.001476,-0.002131,-0.002819,-0.003535,-0.004279,-0.005049,-0.005844,-0.006662,-0.007502,-0.008363,-0.009243,-0.010143,-0.011060,-0.011995,-0.012946,-0.013910,-0.014887,-0.015875,-0.016873,-0.017878,-0.018887,-0.019898,-0.020906,-0.021909,-0.022901,-0.023879,-0.024837,-0.025771,-0.026673,-0.027538,-0.028359,-0.029129,-0.029840,-0.030477,-0.031016,-0.031398,-0.031509,-0.031128,-0.029881,-0.027202,-0.022345,-0.013837,-0.008978
0.007435,0.011683,0.019164,0.023518,0.025932,0.027083,0.027492,0.027504,0.027311,0.027005,0.026621,0.026180,0.025703,0.025194,0.024647,0.024064,0.023453,0.022812,0.022151,0.021476,0.020770,0.020039,0.019298,0.018551,0.017798,0.017026,0.016247,0.015473,0.014688,0.013907,0.013124,0.012341,0.011570,0.010805,0.010046,0.009292,0.008554,0.007826,0.007115,0.006419,0.005740,0.005084,0.004450,0.003842,0.003261,0.002712,0.002197,0.001720,0.001283,0.000890,0.000544,0.000246,0.000000,-0.000189,-0.000323,-0.000402,-0.000423,-0.000391,-0.000307,-0.000177,-0.000005,0.000203,0.000436,0.000690,0.000953,0.001217,0.001473,0.001712,0.001926,0.002105,0.002246,0.002340,0.002380,0.002368,0.002299,0.002172,0.001987,0.001745,0.001449,0.001100,0.000700,0.000254,-0.000238,-0.000771,-0.001343,-0.001953,-0.002599,-0.003277,-0.003985,-0.004723,-0.005490,-0.006284,-0.007103,-0.007946,-0.008813,-0.009702,-0.010614,-0.011547,-0.012501,-0.013473,-0.014463,-0.015470,-0.016491,-0.017525,-0.018570,-0.019622,-0.020679,-0.021738,-0.022795,-0.023844,-0.024881,-0.025900,-0.026895,-0.027860,-0.028787,-0.029670,-0.030501,-0.031269,-0.031959,-0.032544,-0.032963,-0.033093,-0.032704,-0.031400,-0.028589,-0.023486,-0.014545,-0.009438
0.007767,0.012205,0.020022,0.024569,0.027088,0.028287,0.028710,0.028716,0.028508,0.028182,0.027775,0.027311,0.026808,0.026269,0.025691,0.025082,0.024442,0.023768,0.023076,0.022368,0.021628,0.020869,0.020102,0.019329,0.018544,0.017747,0.016949,0.016146,0.015343,0.014545,0.013741,0.012947,0.012160,0.011385,0.010615,0.009854,0.009110,0.008379,0.007665,0.006968,0.006291,0.005636,0.005006,0.004402,0.003827,0.003283,0.002773,0.002299,0.001866,0.001472,0.001124,0.000821,0.000567,0.000363,0.000210,0.000108,0.000054,0.000049,0.000089,0.000172,0.000288,0.000437,0.000609,0.000796,0.000995,0.001192,0.001383,0.001561,0.001716,0.001842,0.001932,0.001983,0.001988,0.001944,0.001852,0.001706,0.001509,0.001262,0.000962,0.000614,0.000219,-0.000222,-0.000705,-0.001230,-0.001794,-0.002396,-0.003033,-0.003704,-0.004406,-0.005140,-0.005904,-0.006697,-0.007518,-0.008366,-0.009240,-0.010139,-0.011065,-0.012014,-0.012987,-0.013983,-0.015000,-0.016037,-0.017093,-0.018166,-0.019253,-0.020352,-0.021460,-0.022574,-0.023688,-0.024798,-0.025900,-0.026985,-0.028049,-0.029084,-0.030081,-0.031034,-0.031932,-0.032764,-0.033515,-0.034152,-0.034613,-0.034767,-0.034371,-0.033009,-0.030058,-0.024694,-0.015294,-0.009925
0.008113,0.012751,0.020917,0.025667,0.028296,0.029545,0.029980,0.029979,0.029755,0.029406,0.028974,0.028486,0.027953,0.027379,0.026770,0.026131,0.025457,0.024749,0.024024,0.023277,0.022502,0.021716,0.020920,0.020113,0.019297,0.018476,0.017651,0.016822,0.015999,0.015176,0.014356,0.013545,0.012742,0.011955,0.011172,0.010404,0.009652,0.008915,0.008196,0.007498,0.006819,0.006165,0.005537,0.004934,0.004362,0.003820,0.003313,0.002839,0.002406,0.002010,0.001658,0.001349,0.001084,0.000866,0.000692,0.000567,0.000484,0.000444,0.000445,0.000483,0.000552,0.000647,0.000765,0.000895,0.001035,0.001176,0.001309,0.001431,0.001535,0.001612,0.001659,0.001670,0.001642,0.001571,0.001456,0.001293,0.001084,0.000828,0.000525,0.000175,-0.000218,-0.000654,-0.001133,-0.001651,-0.002209,-0.002803,-0.003434,-0.004098,-0.004796,-0.005527,-0.006290,-0.007083,-0.007907,-0.008759,-0.009641,-0.010552,-0.011491,-0.012458,-0.013452,-0.014472,-0.015517,-0.016586,-0.017678,-0.018792,-0.019924,-0.021073,-0.022236,-0.023408,-0.024585,-0.025763,-0.026934,-0.028093,-0.029233,-0.030345,-0.031421,-0.032451,-0.033424,-0.034329,-0.035148,-0.035846,-0.036355,-0.036538,-0.036136,-0.034713,-0.031615,-0.025976,-0.016089,-0.010442
0.008475,0.013321,0.021853,0.026815,0.029559,0.030858,0.031307,0.031297,0.031052,0.030678,0.030220,0.029704,0.029139,0.028528,0.027883,0.027211,0.026500,0.025755,0.024992,0.024202,0.023394,0.022580,0.021747,0.020902,0.020058,0.019208,0.018353,0.017499,0.016650,0.015804,0.014966,0.014134,0.013316,0.012512,0.011717,0.010939,0.010177,0.009432,0.008708,0.008006,0.007325,0.006669,0.006040,0.005438,0.004865,0.004323,0.003815,0.003341,0.002905,0.002507,0.002148,0.001831,0.001555,0.001321,0.001129,0.000980,0.000871,0.000799,0.000764,0.000762,0.000788,0.000837,0.000906,0.000987,0.001074,0.001164,0.001248,0.001321,0.001379,0.001413,0.001420,0.001397,0.001339,0.001243,0.001106,0.000927,0.000706,0.000442,0.000133,-0.000218,-0.000611,-0.001045,-0.001520,-0.002033,-0.002585,-0.003174,-0.003799,-0.004459,-0.005154,-0.005883,-0.006645,-0.007439,-0.008265,-0.009124,-0.010014,-0.010936,-0.011890,-0.012874,-0.013889,-0.014934,-0.016008,-0.017111,-0.018242,-0.019398,-0.020579,-0.021782,-0.023003,-0.024238,-0.025483,-0.026733,-0.027981,-0.029221,-0.030445,-0.031643,-0.032806,-0.033922,-0.034982,-0.035970,-0.036866,-0.037633,-0.038197,-0.038414,-0.038009,-0.036524,-0.033270,-0.027338,-0.016934,-0.010991
0.008854,0.013918,0.022833,0.028015,0.030880,0.032231,0.032692,0.032673,0.032405,0.032002,0.031515,0.030968,0.030366,0.029716,0.029034,0.028322,0.027571,0.026786,0.025977,0.025145,0.024306,0.023454,0.022578,0.021701,0.020823,0.019938,0.019055,0.018173,0.017294,0.016426,0.015565,0.014713,0.013878,0.013057,0.012248,0.011457,0.010684,0.009931,0.009199,0.008491,0.007807,0.007147,0.006515,0.005911,0.005336,0.004793,0.004283,0.003806,0.003368,0.002964,0.002599,0.002271,0.001983,0.001735,0.001525,0.001353,0.001219,0.001119,0.001051,0.001014,0.001000,0.001008,0.001034,0.001070,0.001113,0.001157,0.001197,0.001228,0.001244,0.001242,0.001214,0.001159,0.001074,0.000954,0.000799,0.000605,0.000371,0.000098,-0.000216,-0.000570,-0.000963,-0.001396,-0.001867,-0.002377,-0.002925,-0.003509,-0.004130,-0.004786,-0.005478,-0.006205,-0.006966,-0.007762,-0.008592,-0.009457,-0.010356,-0.011289,-0.012257,-0.013260,-0.014296,-0.015366,-0.016471,-0.017609,-0.018780,-0.019982,-0.021213,-0.022472,-0.023754,-0.025057,-0.026375,-0.027704,-0.029037,-0.030366,-0.031682,-0.032975,-0.034236,-0.035451,-0.036607,-0.037689,-0.038673,-0.039519,-0.040148,-0.040405,-0.040001,-0.038452,-0.035032,-0.028789,-0.017834,-0.011576
0.009250,0.014543,0.023860,0.029273,0.032262,0.033669,0.034141,0.034108,0.033815,0.033380,0.032862,0.032280,0.031637,0.030945,0.030221,0.029465,0.028668,0.027839,0.026984,0.026110,0.025233,0.024335,0.023419,0.022507,0.021588,0.020669,0.019756,0.018840,0.017935,0.017039,0.016153,0.015281,0.014425,0.013585,0.012761,0.011956,0.011171,0.010408,0.009668,0.008953,0.008263,0.007598,0.006961,0.006353,0.005776,0.005230,0.004717,0.004237,0.003792,0.003384,0.003010,0.002672,0.002372,0.002111,0.001882,0.001690,0.001533,0.001406,0.001309,0.001239,0.001192,0.001163,0.001151,0.001148,0.001150,0.001155,0.001156,0.001149,0.001130,0.001093,0.001036,0.000953,0.000843,0.000703,0.000529,0.000321,0.000076,-0.000206,-0.000525,-0.000881,-0.001275,-0.001707,-0.002177,-0.002683,-0.003227,-0.003807,-0.004425,-0.005078,-0.005767,-0.006493,-0.007254,-0.008052,-0.008885,-0.009756,-0.010663,-0.011608,-0.012590,-0.013610,-0.014668,-0.015765,-0.016901,-0.018075,-0.019287,-0.020536,-0.021820,-0.023137,-0.024485,-0.025860,-0.027257,-0.028672,-0.030096,-0.031523,-0.032941,-0.034341,-0.035711,-0.037037,-0.038303,-0.039492,-0.040577,-0.041514,-0.042219,-0.042524,-0.042124,-0.040509,-0.036914,-0.030338,-0.018794,-0.012200
0.009666,0.015198,0.024937,0.030594,0.033713,0.035175,0.035657,0.035609,0.035286,0.034818,0.034264,0.033641,0.032953,0.032217,0.031446,0.030639,0.029792,0.028915,0.028011,0.027095,0.026170,0.025222,0.024270,0.023315,0.022352,0.021401,0.020448,0.019502,0.018567,0.017640,0.016730,0.015833,0.014957,0.014096,0.013254,0.012435,0.011638,0.010863,0.010113,0.009389,0.008691,0.008020,0.007378,0.006767,0.006184,0.005634,0.005117,0.004633,0.004182,0.003767,0.003385,0.003037,0.002725,0.002449,0.002206,0.001993,0.001815,0.001664,0.001540,0.001442,0.001363,0.001302,0.001255,0.001219,0.001186,0.001156,0.001124,0.001083,0.001032,0.000967,0.000881,0.000775,0.000643,0.000483,0.000293,0.000072,-0.000182,-0.000472,-0.000796,-0.001154,-0.001549,-0.001981,-0.002448,-0.002953,-0.003493,-0.004069,-0.004684,-0.005334,-0.006020,-0.006745,-0.007506,-0.008305,-0.009142,-0.010017,-0.010933,-0.011888,-0.012884,-0.013922,-0.015003,-0.016126,-0.017293,-0.018504,-0.019757,-0.021054,-0.022393,-0.023772,-0.025189,-0.026641,-0.028123,-0.029630,-0.031154,-0.032687,-0.034219,-0.035738,-0.037230,-0.038681,-0.040072,-0.041383,-0.042585,-0.043628,-0.044420,-0.044783,-0.044393,-0.042709,-0.038928,-0.031996,-0.019822,-0.012868
0.010103,0.015887,0.026070,0.031981,0.035236,0.036754,0.037244,0.037178,0.036823,0.036317,0.035723,0.035054,0.034317,0.033532,0.032709,0.031844,0.030943,0.030016,0.029062,0.028096,0.027114,0.026119,0.025125,0.024120,0.023118,0.022126,0.021134,0.020156,0.019185,0.018230,0.017291,0.016369,0.015469,0.014587,0.013729,0.012892,0.012080,0.011293,0.010532,0.009797,0.009092,0.008414,0.007766,0.007149,0.006562,0.006007,0.005484,0.004994,0.004537,0.004114,0.003725,0.003367,0.003044,0.002754,0.002495,0.002266,0.002067,0.001896,0.001747,0.001623,0.001518,0.001427,0.001351,0.001284,0.001221,0.001160,0.001098,0.001029,0.000950,0.000859,0.000750,0.000621,0.000470,0.000293,0.000089,-0.000143,-0.000407,-0.000702,-0.001031,-0.001392,-0.001787,-0.002218,-0.002684,-0.003185,-0.003723,-0.004296,-0.004906,-0.005553,-0.006237,-0.006959,-0.007720,-0.008520,-0.009359,-0.010240,-0.011162,-0.012128,-0.013137,-0.014192,-0.015294,-0.016443,-0.017641,-0.018888,-0.020184,-0.021530,-0.022925,-0.024369,-0.025859,-0.027392,-0.028964,-0.030570,-0.032202,-0.033853,-0.035510,-0.037161,-0.038791,-0.040383,-0.041916,-0.043368,-0.044704,-0.045869,-0.046764,-0.047198,-0.046823,-0.045070,-0.041091,-0.033776,-0.020925,-0.013583
0.010563,0.016612,0.027261,0.033441,0.036837,0.038412,0.038910,0.038820,0.038429,0.037883,0.037242,0.036521,0.035732,0.034893,0.034008,0.033080,0.032123,0.031142,0.030134,0.029107,0.028069,0.027026,0.025980,0.024926,0.023881,0.022842,0.021813,0.020797,0.019790,0.018803,0.017833,0.016886,0.015962,0.015058,0.014179,0.013325,0.012497,0.011696,0.010923,0.010179,0.009464,0.008779,0.008124,0.007500,0.006907,0.006346,0.005818,0.005322,0.004859,0.004429,0.004031,0.003664,0.003330,0.003028,0.002754,0.002510,0.002293,0.002101,0.001932,0.001785,0.001656,0.001540,0.001437,0.001343,0.001254,0.001167,0.001078,0.000985,0.000881,0.000767,0.000638,0.000490,0.000322,0.000131,-0.000085,-0.000328,-0.000599,-0.000900,-0.001231,-0.001595,-0.001991,-0.002420,-0.002884,-0.003382,-0.003916,-0.004486,-0.005092,-0.005735,-0.006416,-0.007136,-0.007895,-0.008694,-0.009535,-0.010420,-0.011348,-0.012323,-0.013345,-0.014416,-0.015538,-0.016712,-0.017939,-0.019222,-0.020561,-0.021957,-0.023410,-0.024920,-0.026485,-0.028103,-0.029771,-0.031483,-0.033233,-0.035011,-0.036806,-0.038605,-0.040390,-0.042141,-0.043838,-0.045451,-0.046942,-0.048252,-0.049268,-0.049785,-0.049435,-0.047611,-0.043420,-0.035694,-0.022112,-0.014353
0.011047,0.017376,0.028518,0.034979,0.038523,0.040155,0.040657,0.040543,0.040111,0.039518,0.038824,0.038045,0.037199,0.036298,0.035344,0.034350,0.033333,0.032291,0.031219,0.030130,0.029034,0.027936,0.026833,0.025732,0.024636,0.023550,0.022480,0.021421,0.020379,0.019357,0.018356,0.017381,0.016431,0.015504,0.014604,0.013731,0.012887,0.012072,0.011286,0.010531,0.009806,0.009113,0.008450,0.007820,0.007221,0.006654,0.006120,0.005619,0.005149,0.004712,0.004305,0.003930,0.003585,0.003271,0.002985,0.002726,0.002493,0.002284,0.002096,0.001929,0.001778,0.001641,0.001514,0.001398,0.001285,0.001175,0.001064,0.000948,0.000825,0.000690,0.000543,0.000379,0.000197,-0.000006,-0.000233,-0.000484,-0.000761,-0.001067,-0.001400,-0.001765,-0.002161,-0.002589,-0.003049,-0.003544,-0.004074,-0.004640,-0.005240,-0.005879,-0.006556,-0.007272,-0.008029,-0.008827,-0.009669,-0.010555,-0.011488,-0.012471,-0.013504,-0.014589,-0.015730,-0.016926,-0.018183,-0.019501,-0.020882,-0.022327,-0.023838,-0.025416,-0.027058,-0.028766,-0.030534,-0.032360,-0.034236,-0.036153,-0.038100,-0.040062,-0.042021,-0.043954,-0.045837,-0.047637,-0.049310,-0.050788,-0.051948,-0.052567,-0.052250,-0.050356,-0.045937,-0.037765,-0.023393,-0.015184
0.011559,0.018184,0.029846,0.036603,0.040300,0.041991,0.042494,0.042349,0.041874,0.041228,0.040473,0.039630,0.038718,0.037747,0.036719,0.035655,0.034573,0.033460,0.032318,0.031166,0.030007,0.028845,0.027686,0.026530,0.025381,0.024248,0.023129,0.022029,0.020949,0.019890,0.018857,0.017852,0.016875,0.015922,0.015002,0.014109,0.013247,0.012418,0.011619,0.010852,0.010117,0.009416,0.008745,0.008107,0.007502,0.006930,0.006389,0.005882,0.005406,0.004962,0.004548,0.004164,0.003811,0.003486,0.003189,0.002916,0.002670,0.002446,0.002240,0.002055,0.001887,0.001730,0.001584,0.001448,0.001315,0.001184,0.001054,0.000920,0.000778,0.000627,0.000465,0.000288,0.000093,-0.000120,-0.000355,-0.000613,-0.000896,-0.001204,-0.001539,-0.001904,-0.002298,-0.002724,-0.003182,-0.003672,-0.004197,-0.004757,-0.005352,-0.005985,-0.006657,-0.007368,-0.008120,-0.008916,-0.009757,-0.010644,-0.011581,-0.012568,-0.013609,-0.014707,-0.015864,-0.017082,-0.018366,-0.019716,-0.021137,-0.022631,-0.024200,-0.025845,-0.027568,-0.029366,-0.031240,-0.033186,-0.035197,-0.037265,-0.039379,-0.041522,-0.043676,-0.045816,-0.047913,-0.049929,-0.051815,-0.053491,-0.054823,-0.055566,-0.055297,-0.053331,-0.048669,-0.040012,-0.024782,-0.016083
0.012101,0.019039,0.031252,0.038321,0.042177,0.043927,0.044427,0.044248,0.043723,0.043017,0.042191,0.041276,0.040292,0.039241,0.038133,0.036997,0.035839,0.034646,0.033433,0.032213,0.030981,0.029754,0.028535,0.027317,0.026115,0.024928,0.023760,0.022617,0.021495,0.020400,0.019331,0.018295,0.017289,0.016312,0.015369,0.014456,0.013577,0.012732,0.011920,0.011142,0.010396,0.009685,0.009007,0.008363,0.007752,0.007173,0.006627,0.006113,0.005632,0.005181,0.004761,0.004370,0.004007,0.003674,0.003366,0.003083,0.002823,0.002586,0.002367,0.002166,0.001982,0.001809,0.001646,0.001492,0.001343,0.001195,0.001048,0.000898,0.000741,0.000576,0.000402,0.000213,0.000008,-0.000213,-0.000455,-0.000718,-0.001004,-0.001314,-0.001650,-0.002013,-0.002405,-0.002828,-0.003281,-0.003766,-0.004284,-0.004838,-0.005426,-0.006052,-0.006717,-0.007422,-0.008169,-0.008961,-0.009799,-0.010685,-0.011621,-0.012611,-0.013659,-0.014766,-0.015936,-0.017173,-0.018480,-0.019861,-0.021320,-0.022861,-0.024486,-0.026198,-0.027999,-0.029892,-0.031875,-0.033946,-0.036101,-0.038332,-0.040627,-0.042972,-0.045345,-0.047719,-0.050063,-0.052331,-0.054466,-0.056379,-0.057916,-0.058811,-0.058607,-0.056572,-0.051645,-0.042461,-0.026293,-0.017059
0.012676,0.019947,0.032744,0.040142,0.044164,0.045972,0.046466,0.046247,0.045664,0.044888,0.043984,0.042988,0.041920,0.040782,0.039592,0.038374,0.037126,0.035849,0.034562,0.033263,0.031956,0.030660,0.029372,0.028093,0.026832,0.025588,0.024371,0.023180,0.022015,0.020881,0.019776,0.018707,0.017673,0.016669,0.015703,0.014770,0.013874,0.013013,0.012187,0.011397,0.010642,0.009922,0.009236,0.008586,0.007968,0.007384,0.006832,0.006313,0.005827,0.005371,0.004944,0.004546,0.004177,0.003835,0.003519,0.003225,0.002955,0.002707,0.002476,0.002262,0.002064,0.001877,0.001699,0.001531,0.001367,0.001205,0.001045,0.000882,0.000713,0.000537,0.000351,0.000153,-0.000059,-0.000287,-0.000533,-0.000800,-0.001087,-0.001398,-0.001733,-0.002094,-0.002483,-0.002900,-0.003348,-0.003826,-0.004337,-0.004882,-0.005463,-0.006080,-0.006737,-0.007435,-0.008175,-0.008960,-0.009792,-0.010673,-0.011607,-0.012598,-0.013649,-0.014762,-0.015942,-0.017194,-0.018521,-0.019929,-0.021422,-0.023006,-0.024684,-0.026461,-0.028341,-0.030327,-0.032421,-0.034623,-0.036929,-0.039333,-0.041827,-0.044393,-0.047011,-0.049653,-0.052279,-0.054842,-0.057273,-0.059467,-0.061253,-0.062336,-0.062219,-0.060117,-0.054905,-0.045139,-0.027943,-0.018124
0.013288,0.020913,0.034331,0.042077,0.046272,0.048136,0.048618,0.048352,0.047704,0.046847,0.045854,0.044767,0.043605,0.042373,0.041093,0.039781,0.038434,0.037071,0.035701,0.034314,0.032930,0.031558,0.030195,0.028852,0.027527,0.026227,0.024956,0.023714,0.022506,0.021329,0.020188,0.019086,0.018021,0.016992,0.016003,0.015049,0.014135,0.013258,0.012419,0.011618,0.010853,0.010125,0.009431,0.008774,0.008150,0.007561,0.007006,0.006482,0.005991,0.005530,0.005099,0.004695,0.004319,0.003971,0.003647,0.003345,0.003067,0.002809,0.002568,0.002343,0.002133,0.001935,0.001746,0.001564,0.001390,0.001216,0.001044,0.000871,0.000692,0.000507,0.000313,0.000108,-0.000110,-0.000343,-0.000592,-0.000860,-0.001148,-0.001457,-0.001790,-0.002148,-0.002532,-0.002943,-0.003383,-0.003854,-0.004356,-0.004891,-0.005462,-0.006070,-0.006717,-0.007405,-0.008135,-0.008911,-0.009734,-0.010609,-0.011538,-0.012526,-0.013576,-0.014691,-0.015876,-0.017138,-0.018482,-0.019911,-0.021434,-0.023056,-0.024782,-0.026621,-0.028577,-0.030655,-0.032860,-0.035194,-0.037658,-0.040247,-0.042953,-0.045763,-0.048655,-0.051598,-0.054552,-0.057459,-0.060240,-0.062774,-0.064864,-0.066181,-0.066179,-0.064016,-0.058493,-0.048086,-0.029755,-0.019289
0.013943,0.021945,0.036024,0.044138,0.048512,0.050430,0.050896,0.050575,0.049848,0.048898,0.047804,0.046615,0.045350,0.044016,0.042634,0.041214,0.039765,0.038309,0.036842,0.035365,0.033898,0.032440,0.031003,0.029589,0.028198,0.026838,0.025509,0.024217,0.022961,0.021744,0.020564,0.019428,0.018333,0.017277,0.016265,0.015290,0.014358,0.013466,0.012614,0.011802,0.011027,0.010290,0.009590,0.008927,0.008299,0.007706,0.007147,0.006619,0.006124,0.005660,0.005224,0.004816,0.004435,0.004082,0.003752,0.003445,0.003158,0.002893,0.002644,0.002409,0.002191,0.001983,0.001785,0.001594,0.001409,0.001227,0.001045,0.000863,0.000677,0.000485,0.000286,0.000075,-0.000147,-0.000382,-0.000632,-0.000900,-0.001187,-0.001493,-0.001822,-0.002176,-0.002553,-0.002957,-0.003388,-0.003849,-0.004341,-0.004866,-0.005425,-0.006022,-0.006657,-0.007332,-0.008050,-0.008813,-0.009626,-0.010491,-0.011411,-0.012391,-0.013436,-0.014548,-0.015735,-0.017003,-0.018355,-0.019801,-0.021347,-0.023000,-0.024770,-0.026664,-0.028689,-0.030856,-0.033170,-0.035637,-0.038262,-0.041042,-0.043976,-0.047050,-0.050246,-0.053531,-0.056862,-0.060173,-0.063373,-0.066318,-0.068782,-0.070392,-0.070546,-0.068331,-0.062468,-0.051346,-0.031753,-0.020570
0.014644,0.023051,0.037837,0.046340,0.050898,0.052869,0.053309,0.052922,0.052105,0.051047,0.049840,0.048537,0.047156,0.045709,0.044212,0.042674,0.041118,0.039555,0.037982,0.036412,0.034851,0.033306,0.031790,0.030299,0.028841,0.027415,0.026028,0.024683,0.023379,0.022118,0.020900,0.019730,0.018603,0.017520,0.016485,0.015490,0.014541,0.013635,0.012770,0.011946,0.011163,0.010419,0.009714,0.009046,0.008414,0.007817,0.007254,0.006725,0.006227,0.005760,0.005321,0.004910,0.004525,0.004169,0.003835,0.003522,0.003230,0.002958,0.002704,0.002462,0.002236,0.002022,0.001816,0.001618,0.001426,0.001237,0.001048,0.000860,0.000668,0.000471,0.000267,0.000055,-0.000169,-0.000405,-0.000655,-0.000921,-0.001205,-0.001508,-0.001832,-0.002178,-0.002548,-0.002942,-0.003363,-0.003813,-0.004293,-0.004806,-0.005353,-0.005935,-0.006555,-0.007215,-0.007918,-0.008668,-0.009466,-0.010317,-0.011224,-0.012193,-0.013227,-0.014332,-0.015514,-0.016780,-0.018136,-0.019590,-0.021152,-0.022829,-0.024633,-0.026574,-0.028662,-0.030909,-0.033326,-0.035923,-0.038708,-0.041686,-0.044858,-0.048216,-0.051746,-0.055416,-0.059181,-0.062967,-0.066668,-0.070116,-0.073044,-0.075026,-0.075390,-0.073138,-0.066902,-0.054977,-0.033971,-0.021986
0.015400,0.024240,0.039783,0.048698,0.053448,0.055466,0.055871,0.055404,0.054480,0.053299,0.051964,0.050535,0.049026,0.047449,0.045822,0.044160,0.042485,0.040803,0.039120,0.037447,0.035786,0.034151,0.032547,0.030977,0.029447,0.027954,0.026507,0.025106,0.023753,0.022448,0.021191,0.019986,0.018828,0.017719,0.016661,0.015648,0.014681,0.013760,0.012884,0.012051,0.011260,0.010511,0.009800,0.009128,0.008493,0.007894,0.007329,0.006798,0.006298,0.005830,0.005391,0.004977,0.004591,0.004231,0.003895,0.003578,0.003283,0.003007,0.002748,0.002502,0.002270,0.002051,0.001840,0.001636,0.001439,0.001245,0.001052,0.000859,0.000664,0.000464,0.000258,0.000045,-0.000179,-0.000414,-0.000662,-0.000925,-0.001205,-0.001502,-0.001819,-0.002157,-0.002516,-0.002900,-0.003310,-0.003748,-0.004215,-0.004712,-0.005244,-0.005810,-0.006413,-0.007056,-0.007741,-0.008473,-0.009253,-0.010086,-0.010976,-0.011929,-0.012948,-0.014039,-0.015210,-0.016467,-0.017818,-0.019273,-0.020841,-0.022532,-0.024360,-0.026336,-0.028476,-0.030793,-0.033303,-0.036021,-0.038961,-0.042136,-0.045553,-0.049212,-0.053104,-0.057204,-0.061465,-0.065810,-0.070115,-0.074180,-0.077691,-0.080151,-0.080799,-0.078536,-0.071888,-0.059051,-0.036447,-0.023559
0.016218,0.025524,0.041881,0.051233,0.056179,0.058238,0.058596,0.058032,0.056981,0.055660,0.054184,0.052611,0.050956,0.049234,0.047465,0.045669,0.043860,0.042049,0.040249,0.038464,0.036698,0.034966,0.033269,0.031618,0.030011,0.028450,0.026940,0.025481,0.024079,0.022729,0.021433,0.020193,0.019005,0.017870,0.016790,0.015758,0.014775,0.013842,0.012955,0.012115,0.011317,0.010562,0.009848,0.009174,0.008537,0.007936,0.007371,0.006840,0.006340,0.005871,0.005432,0.005018,0.004631,0.004270,0.003933,0.003615,0.003317,0.003039,0.002777,0.002529,0.002294,0.002071,0.001857,0.001649,0.001448,0.001252,0.001056,0.000861,0.000664,0.000463,0.000258,0.000045,-0.000177,-0.000410,-0.000654,-0.000912,-0.001186,-0.001476,-0.001784,-0.002112,-0.002461,-0.002833,-0.003230,-0.003653,-0.004105,-0.004586,-0.005100,-0.005647,-0.006231,-0.006854,-0.007519,-0.008228,-0.008987,-0.009798,-0.010667,-0.011597,-0.012595,-0.013667,-0.014819,-0.016060,-0.017397,-0.018842,-0.020405,-0.022099,-0.023938,-0.025936,-0.028112,-0.030484,-0.033071,-0.035897,-0.038980,-0.042344,-0.046005,-0.049974,-0.054253,-0.058826,-0.063653,-0.068652,-0.073684,-0.078514,-0.082765,-0.085848,-0.086887,-0.084653,-0.077547,-0.063664,-0.039234,-0.025316
0.017108,0.026918,0.044152,0.053967,0.059113,0.061205,0.061498,0.060816,0.059617,0.058136,0.056501,0.054765,0.052943,0.051060,0.049139,0.047191,0.045236,0.043290,0.041361,0.039455,0.037580,0.035743,0.033952,0.032214,0.030527,0.028895,0.027320,0.025804,0.024350,0.022955,0.021620,0.020346,0.019130,0.017969,0.016867,0.015818,0.014822,0.013877,0.012981,0.012133,0.011331,0.010573,0.009857,0.009181,0.008544,0.007944,0.007380,0.006849,0.006351,0.005883,0.005445,0.005033,0.004647,0.004286,0.003949,0.003632,0.003333,0.003054,0.002792,0.002542,0.002305,0.002081,0.001865,0.001656,0.001454,0.001256,0.001060,0.000865,0.000668,0.000468,0.000263,0.000053,-0.000165,-0.000394,-0.000633,-0.000885,-0.001151,-0.001432,-0.001729,-0.002046,-0.002383,-0.002742,-0.003124,-0.003531,-0.003965,-0.004427,-0.004921,-0.005448,-0.006010,-0.006609,-0.007250,-0.007935,-0.008668,-0.009454,-0.010295,-0.011199,-0.012169,-0.013214,-0.014340,-0.015555,-0.016869,-0.018294,-0.019839,-0.021522,-0.023355,-0.025359,-0.027552,-0.029958,-0.032602,-0.035513,-0.038720,-0.042255,-0.046148,-0.050426,-0.055107,-0.060191,-0.065651,-0.071412,-0.077320,-0.083102,-0.088302,-0.092211,-0.093796,-0.091657,-0.084044,-0.068942,-0.042398,-0.027292
0.018082,0.028439,0.046621,0.056928,0.062277,0.064387,0.064594,0.063768,0.062396,0.060736,0.058918,0.056993,0.054984,0.052925,0.050833,0.048719,0.046608,0.044516,0.042448,0.040415,0.038422,0.036476,0.034586,0.032755,0.030986,0.029281,0.027641,0.026068,0.024561,0.023122,0.021748,0.020442,0.019196,0.018011,0.016891,0.015826,0.014817,0.013862,0.012959,0.012107,0.011301,0.010541,0.009825,0.009149,0.008514,0.007916,0.007354,0.006827,0.006331,0.005867,0.005431,0.005022,0.004638,0.004279,0.003945,0.003630,0.003332,0.003054,0.002792,0.002543,0.002306,0.002082,0.001866,0.001658,0.001456,0.001259,0.001064,0.000869,0.000674,0.000477,0.000276,0.000069,-0.000144,-0.000367,-0.000599,-0.000843,-0.001099,-0.001370,-0.001656,-0.001960,-0.002284,-0.002627,-0.002992,-0.003381,-0.003796,-0.004238,-0.004710,-0.005214,-0.005751,-0.006324,-0.006938,-0.007595,-0.008298,-0.009052,-0.009862,-0.010733,-0.011670,-0.012680,-0.013771,-0.014952,-0.016232,-0.017623,-0.019138,-0.020792,-0.022603,-0.024591,-0.026779,-0.029194,-0.031867,-0.034833,-0.038132,-0.041808,-0.045907,-0.050475,-0.055556,-0.061175,-0.067330,-0.073965,-0.080923,-0.087892,-0.094323,-0.099344,-0.101706,-0.099776,-0.091606,-0.075064,-0.046032,-0.029533
0.019155,0.030110,0.049321,0.060148,0.065698,0.067809,0.067901,0.066900,0.065328,0.063461,0.061432,0.059291,0.057077,0.054824,0.052540,0.050247,0.047969,0.045715,0.043500,0.041333,0.039215,0.037156,0.035160,0.033234,0.031382,0.029602,0.027896,0.026263,0.024706,0.023223,0.021811,0.020472,0.019201,0.017995,0.016856,0.015778,0.014758,0.013796,0.012889,0.012033,0.011226,0.010466,0.009751,0.009078,0.008446,0.007852,0.007294,0.006772,0.006281,0.005821,0.005390,0.004985,0.004606,0.004251,0.003919,0.003608,0.003313,0.003037,0.002777,0.002531,0.002296,0.002073,0.001860,0.001654,0.001454,0.001259,0.001066,0.000874,0.000683,0.000490,0.000293,0.000092,-0.000115,-0.000330,-0.000554,-0.000787,-0.001033,-0.001292,-0.001566,-0.001856,-0.002164,-0.002490,-0.002836,-0.003206,-0.003600,-0.004020,-0.004468,-0.004945,-0.005454,-0.005999,-0.006583,-0.007207,-0.007877,-0.008596,-0.009369,-0.010200,-0.011096,-0.012065,-0.013113,-0.014249,-0.015483,-0.016828,-0.018297,-0.019907,-0.021674,-0.023623,-0.025779,-0.028172,-0.030838,-0.033820,-0.037167,-0.040937,-0.045195,-0.050013,-0.055464,-0.061615,-0.068506,-0.076121,-0.084322,-0.092769,-0.100805,-0.107348,-0.110846,-0.109325,-0.100563,-0.082292,-0.050271,-0.032107
0.020348,0.031956,0.052291,0.063667,0.069412,0.071496,0.071438,0.070226,0.068420,0.066314,0.064038,0.061655,0.059215,0.056743,0.054250,0.051764,0.049304,0.046879,0.044509,0.042197,0.039949,0.037770,0.035665,0.033644,0.031704,0.029849,0.028075,0.026385,0.024777,0.023251,0.021803,0.020435,0.019140,0.017914,0.016760,0.015671,0.014643,0.013676,0.012765,0.011909,0.011103,0.010346,0.009635,0.008966,0.008340,0.007752,0.007201,0.006684,0.006200,0.005747,0.005322,0.004923,0.004549,0.004200,0.003873,0.003566,0.003277,0.003004,0.002749,0.002506,0.002275,0.002056,0.001846,0.001644,0.001447,0.001255,0.001067,0.000880,0.000694,0.000506,0.000316,0.000121,-0.000078,-0.000283,-0.000497,-0.000720,-0.000954,-0.001201,-0.001460,-0.001734,-0.002024,-0.002332,-0.002659,-0.003008,-0.003378,-0.003773,-0.004194,-0.004644,-0.005123,-0.005636,-0.006186,-0.006775,-0.007407,-0.008085,-0.008816,-0.009603,-0.010452,-0.011371,-0.012366,-0.013447,-0.014624,-0.015909,-0.017316,-0.018862,-0.020565,-0.022449,-0.024542,-0.026877,-0.029494,-0.032442,-0.035780,-0.039579,-0.043924,-0.048917,-0.054670,-0.061305,-0.068929,-0.077596,-0.087231,-0.097495,-0.107628,-0.116284,-0.121482,-0.120740,-0.111408,-0.091038,-0.055333,-0.035124
0.021687,0.034015,0.055578,0.067532,0.073457,0.075478,0.075224,0.073756,0.071677,0.069288,0.066730,0.064079,0.061387,0.058670,0.055951,0.053258,0.050599,0.047996,0.045461,0.042995,0.040610,0.038306,0.036092,0.033971,0.031943,0.030012,0.028172,0.026424,0.024767,0.023200,0.021719,0.020324,0.019007,0.017764,0.016598,0.015501,0.014468,0.013498,0.012588,0.011734,0.010932,0.010179,0.009475,0.008814,0.008195,0.007615,0.007072,0.006564,0.006088,0.005644,0.005226,0.004836,0.004469,0.004127,0.003807,0.003506,0.003223,0.002957,0.002707,0.002470,0.002243,0.002029,0.001824,0.001626,0.001435,0.001249,0.001066,0.000885,0.000705,0.000525,0.000342,0.000156,-0.000033,-0.000228,-0.000432,-0.000643,-0.000864,-0.001095,-0.001339,-0.001595,-0.001867,-0.002156,-0.002461,-0.002786,-0.003132,-0.003500,-0.003893,-0.004312,-0.004759,-0.005237,-0.005750,-0.006300,-0.006889,-0.007523,-0.008206,-0.008943,-0.009738,-0.010599,-0.011533,-0.012549,-0.013657,-0.014868,-0.016197,-0.017659,-0.019274,-0.021066,-0.023063,-0.025300,-0.027819,-0.030674,-0.033932,-0.037674,-0.042007,-0.047060,-0.052993,-0.059994,-0.068266,-0.077982,-0.089187,-0.101621,-0.114463,-0.126074,-0.133882,-0.134619,-0.124918,-0.102004,-0.061610,-0.038798
0.023207,0.036333,0.059246,0.071801,0.077880,0.079785,0.079278,0.077501,0.075094,0.072376,0.069499,0.066551,0.063576,0.060592,0.057632,0.054712,0.051844,0.049051,0.046337,0.043714,0.041186,0.038754,0.036427,0.034204,0.032089,0.030079,0.028175,0.026371,0.024669,0.023064,0.021552,0.020132,0.018798,0.017542,0.016366,0.015264,0.014230,0.013262,0.012354,0.011505,0.010710,0.009967,0.009271,0.008620,0.008011,0.007442,0.006909,0.006412,0.005946,0.005512,0.005105,0.004723,0.004366,0.004032,0.003721,0.003429,0.003153,0.002894,0.002651,0.002421,0.002201,0.001993,0.001795,0.001603,0.001418,0.001239,0.001063,0.000889,0.000717,0.000546,0.000372,0.000196,0.000017,-0.000168,-0.000358,-0.000556,-0.000762,-0.000977,-0.001204,-0.001443,-0.001694,-0.001961,-0.002243,-0.002544,-0.002864,-0.003204,-0.003565,-0.003951,-0.004363,-0.004805,-0.005277,-0.005784,-0.006328,-0.006913,-0.007544,-0.008223,-0.008959,-0.009755,-0.010619,-0.011560,-0.012587,-0.013710,-0.014944,-0.016303,-0.017807,-0.019478,-0.021345,-0.023441,-0.025809,-0.028505,-0.031599,-0.035181,-0.039371,-0.044324,-0.050247,-0.057402,-0.066111,-0.076717,-0.089482,-0.104352,-0.120585,-0.136294,-0.148170,-0.151728,-0.142310,-0.116419,-0.069854,-0.043582
0.024957,0.038972,0.063375,0.076545,0.082730,0.084449,0.083616,0.081461,0.078664,0.075565,0.072332,0.069052,0.065762,0.062492,0.059271,0.056108,0.053020,0.050024,0.047125,0.044338,0.041662,0.039100,0.036655,0.034331,0.032128,0.030042,0.028075,0.026219,0.024473,0.022833,0.021295,0.019855,0.018506,0.017242,0.016061,0.014958,0.013926,0.012963,0.012062,0.011222,0.010438,0.009706,0.009022,0.008384,0.007788,0.007231,0.006712,0.006226,0.005774,0.005351,0.004956,0.004586,0.004240,0.003917,0.003615,0.003334,0.003067,0.002816,0.002581,0.002360,0.002149,0.001947,0.001757,0.001573,0.001396,0.001224,0.001057,0.000893,0.000729,0.000567,0.000405,0.000239,0.000071,-0.000101,-0.000278,-0.000460,-0.000650,-0.000849,-0.001058,-0.001277,-0.001507,-0.001751,-0.002009,-0.002284,-0.002574,-0.002884,-0.003213,-0.003564,-0.003939,-0.004341,-0.004770,-0.005231,-0.005726,-0.006258,-0.006831,-0.007450,-0.008119,-0.008843,-0.009629,-0.010486,-0.011420,-0.012443,-0.013566,-0.014804,-0.016174,-0.017697,-0.019399,-0.021311,-0.023475,-0.025942,-0.028782,-0.032086,-0.035978,-0.040630,-0.046279,-0.053259,-0.062017,-0.073112,-0.087131,-0.104432,-0.124631,-0.145849,-0.164008,-0.172853,-0.165390,-0.136404,-0.081493,-0.050422
0.027005,0.042017,0.068068,0.081848,0.088064,0.089500,0.088245,0.085625,0.082369,0.078837,0.075204,0.071553,0.067922,0.064346,0.060844,0.057423,0.054103,0.050893,0.047806,0.044847,0.042018,0.039324,0.036761,0.034336,0.032045,0.029887,0.027859,0.025954,0.024169,0.022499,0.020939,0.019483,0.018126,0.016857,0.015676,0.014577,0.013552,0.012599,0.011711,0.010883,0.010113,0.009395,0.008727,0.008104,0.007524,0.006983,0.006479,0.006009,0.005571,0.005162,0.004781,0.004425,0.004091,0.003781,0.003491,0.003220,0.002964,0.002723,0.002499,0.002286,0.002085,0.001893,0.001710,0.001537,0.001369,0.001206,0.001049,0.000894,0.000742,0.000590,0.000438,0.000285,0.000129,-0.000029,-0.000191,-0.000358,-0.000531,-0.000712,-0.000901,-0.001099,-0.001307,-0.001527,-0.001760,-0.002006,-0.002267,-0.002544,-0.002839,-0.003154,-0.003490,-0.003849,-0.004233,-0.004645,-0.005087,-0.005563,-0.006075,-0.006627,-0.007224,-0.007871,-0.008572,-0.009335,-0.010168,-0.011078,-0.012077,-0.013177,-0.014393,-0.015742,-0.017248,-0.018937,-0.020845,-0.023017,-0.025515,-0.028421,-0.031850,-0.035970,-0.041029,-0.047395,-0.055621,-0.066491,-0.081012,-0.100207,-0.124513,-0.152633,-0.180058,-0.198284,-0.196363,-0.165235,-0.099033,-0.061148
0.029452,0.045589,0.073459,0.087808,0.093938,0.094955,0.093154,0.089969,0.086177,0.082154,0.078074,0.074017,0.070023,0.066118,0.062315,0.058625,0.055062,0.051633,0.048350,0.045214,0.042231,0.039401,0.036722,0.034197,0.031821,0.029595,0.027509,0.025561,0.023743,0.022049,0.020472,0.019007,0.017647,0.016381,0.015206,0.014116,0.013105,0.012166,0.011294,0.010484,0.009732,0.009032,0.008383,0.007779,0.007218,0.006695,0.006209,0.005757,0.005336,0.004944,0.004579,0.004238,0.003920,0.003622,0.003346,0.003087,0.002845,0.002616,0.002402,0.002200,0.002009,0.001828,0.001656,0.001493,0.001335,0.001183,0.001037,0.000893,0.000752,0.000611,0.000471,0.000331,0.000190,0.000047,-0.000100,-0.000251,-0.000406,-0.000568,-0.000736,-0.000913,-0.001097,-0.001292,-0.001498,-0.001715,-0.001945,-0.002189,-0.002448,-0.002725,-0.003020,-0.003335,-0.003671,-0.004032,-0.004419,-0.004835,-0.005282,-0.005765,-0.006285,-0.006849,-0.007459,-0.008122,-0.008844,-0.009633,-0.010497,-0.011445,-0.012490,-0.013646,-0.014930,-0.016364,-0.017975,-0.019798,-0.021879,-0.024281,-0.027098,-0.030468,-0.034609,-0.039876,-0.046860,-0.056520,-0.070313,-0.090150,-0.117851,-0.153612,-0.193437,-0.226695,-0.236742,-0.206962,-0.126287,-0.078906
0.032449,0.049854,0.079722,0.094536,0.100393,0.100804,0.098302,0.094436,0.090025,0.085449,0.080877,0.076384,0.072001,0.067747,0.063631,0.059661,0.055847,0.052194,0.048707,0.045394,0.042256,0.039291,0.036498,0.033876,0.031422,0.029131,0.026997,0.025013,0.023169,0.021459,0.019874,0.018408,0.017053,0.015798,0.014637,0.013564,0.012572,0.011653,0.010803,0.010016,0.009287,0.008611,0.007985,0.007404,0.006865,0.006364,0.005900,0.005468,0.005067,0.004694,0.004348,0.004024,0.003722,0.003440,0.003179,0.002936,0.002707,0.002491,0.002289,0.002100,0.001922,0.001752,0.001591,0.001439,0.001294,0.001154,0.001019,0.000887,0.000757,0.000629,0.000503,0.000378,0.000251,0.000123,-0.000008,-0.000141,-0.000278,-0.000419,-0.000567,-0.000721,-0.000881,-0.001050,-0.001228,-0.001416,-0.001614,-0.001823,-0.002046,-0.002284,-0.002536,-0.002805,-0.003093,-0.003401,-0.003731,-0.004085,-0.004465,-0.004875,-0.005316,-0.005793,-0.006308,-0.006867,-0.007474,-0.008134,-0.008855,-0.009643,-0.010507,-0.011457,-0.012505,-0.013664,-0.014953,-0.016392,-0.018009,-0.019843,-0.021948,-0.024412,-0.027386,-0.031150,-0.036241,-0.043681,-0.055297,-0.073958,-0.103272,-0.145883,-0.199811,-0.253750,-0.284918,-0.264539,-0.167943,-0.108429
0.036229,0.055058,0.087073,0.102131,0.107427,0.106979,0.103585,0.098908,0.093788,0.088596,0.083491,0.078533,0.073738,0.069119,0.064682,0.060426,0.056356,0.052474,0.048785,0.045296,0.042006,0.038912,0.036012,0.033303,0.030780,0.028437,0.026265,0.024256,0.022399,0.020686,0.019106,0.017652,0.016314,0.015080,0.013943,0.012896,0.011931,0.011041,0.010221,0.009463,0.008764,0.008118,0.007520,0.006967,0.006455,0.005981,0.005541,0.005134,0.004756,0.004406,0.004080,0.003777,0.003494,0.003230,0.002986,0.002758,0.002546,0.002345,0.002158,0.001982,0.001817,0.001661,0.001513,0.001375,0.001242,0.001114,0.000991,0.000872,0.000755,0.000641,0.000530,0.000418,0.000306,0.000195,0.000082,-0.000033,-0.000152,-0.000273,-0.000398,-0.000529,-0.000665,-0.000808,-0.000957,-0.001115,-0.001281,-0.001456,-0.001642,-0.001839,-0.002049,-0.002273,-0.002511,-0.002766,-0.003038,-0.003329,-0.003642,-0.003978,-0.004339,-0.004728,-0.005147,-0.005600,-0.006090,-0.006621,-0.007198,-0.007824,-0.008505,-0.009247,-0.010056,-0.010938,-0.011902,-0.012954,-0.014103,-0.015359,-0.016735,-0.018259,-0.019993,-0.022095,-0.024971,-0.029577,-0.037922,-0.053646,-0.082086,-0.128731,-0.195045,-0.271927,-0.333345,-0.336057,-0.227817,-0.155647
0.041157,0.061543,0.095756,0.110632,0.114929,0.113279,0.108764,0.103129,0.097203,0.091334,0.085658,0.080209,0.074988,0.070001,0.065238,0.060695,0.056373,0.052268,0.048390,0.044736,0.041308,0.038102,0.035114,0.032338,0.029766,0.027392,0.025205,0.023193,0.021346,0.019650,0.018096,0.016672,0.015368,0.014171,0.013073,0.012066,0.011142,0.010293,0.009513,0.008795,0.008135,0.007526,0.006965,0.006446,0.005968,0.005526,0.005118,0.004740,0.004389,0.004065,0.003764,0.003484,0.003224,0.002981,0.002757,0.002548,0.002354,0.002171,0.001999,0.001840,0.001690,0.001549,0.001416,0.001292,0.001173,0.001058,0.000948,0.000843,0.000741,0.000641,0.000544,0.000447,0.000352,0.000257,0.000161,0.000064,-0.000035,-0.000136,-0.000240,-0.000347,-0.000459,-0.000575,-0.000697,-0.000825,-0.000959,-0.001100,-0.001250,-0.001409,-0.001576,-0.001754,-0.001944,-0.002147,-0.002362,-0.002593,-0.002840,-0.003104,-0.003386,-0.003690,-0.004016,-0.004366,-0.004743,-0.005149,-0.005587,-0.006057,-0.006564,-0.007108,-0.007691,-0.008315,-0.008976,-0.009672,-0.010395,-0.011132,-0.011862,-0.012558,-0.013203,-0.013840,-0.014717,-0.016631,-0.021557,-0.033473,-0.058804,-0.105297,-0.178202,-0.273552,-0.368601,-0.410782,-0.305494,-0.225673
0.047806,0.069789,0.105977,0.119890,0.122525,0.119227,0.113320,0.106563,0.099732,0.093129,0.086852,0.080897,0.075252,0.069906,0.064833,0.060025,0.055477,0.051185,0.047150,0.043368,0.039843,0.036566,0.033532,0.030732,0.028156,0.025794,0.023633,0.021660,0.019860,0.018218,0.016722,0.015358,0.014116,0.012982,0.011947,0.011002,0.010139,0.009349,0.008626,0.007963,0.007354,0.006795,0.006281,0.005808,0.005373,0.004972,0.004601,0.004259,0.003943,0.003650,0.003380,0.003129,0.002896,0.002678,0.002477,0.002291,0.002118,0.001955,0.001803,0.001662,0.001530,0.001406,0.001291,0.001181,0.001076,0.000976,0.000882,0.000792,0.000705,0.000619,0.000537,0.000457,0.000378,0.000299,0.000221,0.000142,0.000062,-0.000019,-0.000102,-0.000187,-0.000275,-0.000366,-0.000462,-0.000561,-0.000664,-0.000774,-0.000889,-0.001010,-0.001138,-0.001274,-0.001418,-0.001572,-0.001734,-0.001908,-0.002093,-0.002289,-0.002499,-0.002724,-0.002964,-0.003220,-0.003493,-0.003785,-0.004096,-0.004427,-0.004778,-0.005148,-0.005534,-0.005934,-0.006340,-0.006742,-0.007121,-0.007451,-0.007694,-0.007793,-0.007691,-0.007359,-0.006939,-0.007060,-0.009484,-0.018014,-0.039182,-0.081636,-0.153294,-0.256138,-0.377352,-0.469478,-0.392646,-0.318439
0.057073,0.080408,0.117708,0.129276,0.129291,0.123782,0.116176,0.108128,0.100306,0.092938,0.086057,0.079621,0.073597,0.067945,0.062630,0.057636,0.052946,0.048553,0.044450,0.040635,0.037103,0.033846,0.030855,0.028117,0.025621,0.023350,0.021291,0.019425,0.017735,0.016205,0.014819,0.013565,0.012428,0.011398,0.010462,0.009612,0.008838,0.008134,0.007491,0.006903,0.006365,0.005874,0.005424,0.005011,0.004631,0.004281,0.003960,0.003663,0.003390,0.003138,0.002905,0.002689,0.002489,0.002303,0.002130,0.001971,0.001823,0.001685,0.001555,0.001436,0.001326,0.001222,0.001123,0.001030,0.000943,0.000861,0.000782,0.000708,0.000637,0.000568,0.000502,0.000437,0.000374,0.000312,0.000251,0.000190,0.000128,0.000065,0.000003,-0.000061,-0.000128,-0.000196,-0.000266,-0.000340,-0.000415,-0.000495,-0.000578,-0.000667,-0.000759,-0.000857,-0.000960,-0.001069,-0.001185,-0.001307,-0.001437,-0.001575,-0.001721,-0.001876,-0.002041,-0.002216,-0.002400,-0.002595,-0.002800,-0.003014,-0.003236,-0.003464,-0.003694,-0.003919,-0.004131,-0.004316,-0.004453,-0.004515,-0.004458,-0.004232,-0.003776,-0.003064,-0.002206,-0.001722,-0.003083,-0.009516,-0.026770,-0.062942,-0.126810,-0.224481,-0.354873,-0.491940,-0.472485,-0.424018
0.070288,0.094005,0.130151,0.137071,0.133177,0.124831,0.115250,0.105812,0.097001,0.088929,0.081543,0.074760,0.068512,0.062726,0.057357,0.052370,0.047734,0.043436,0.039459,0.035798,0.032439,0.029374,0.026588,0.024065,0.021788,0.019739,0.017898,0.016245,0.014761,0.013429,0.012231,0.011155,0.010187,0.009315,0.008527,0.007814,0.007169,0.006584,0.006052,0.005568,0.005127,0.004725,0.004358,0.004021,0.003713,0.003430,0.003170,0.002931,0.002711,0.002509,0.002322,0.002150,0.001989,0.001841,0.001703,0.001576,0.001459,0.001350,0.001248,0.001154,0.001067,0.000985,0.000907,0.000835,0.000767,0.000703,0.000642,0.000585,0.000531,0.000479,0.000428,0.000380,0.000333,0.000287,0.000242,0.000198,0.000154,0.000109,0.000064,0.000019,-0.000027,-0.000075,-0.000123,-0.000173,-0.000225,-0.000279,-0.000336,-0.000395,-0.000457,-0.000521,-0.000590,-0.000662,-0.000738,-0.000818,-0.000902,-0.000991,-0.001085,-0.001183,-0.001287,-0.001396,-0.001510,-0.001628,-0.001750,-0.001874,-0.001999,-0.002122,-0.002238,-0.002341,-0.002423,-0.002469,-0.002464,-0.002382,-0.002194,-0.001863,-0.001364,-0.000706,-0.000034,0.000191,-0.001230,-0.006765,-0.020924,-0.050167,-0.102725,-0.185831,-0.307044,-0.466332,-0.524010,-0.522115
0.088963,0.110420,0.140319,0.139193,0.130016,0.118429,0.106897,0.096284,0.086793,0.078365,0.070854,0.064125,0.058057,0.052550,0.047534,0.042946,0.038749,0.034909,0.031403,0.028215,0.025328,0.022728,0.020394,0.018309,0.016451,0.014799,0.013331,0.012029,0.010873,0.009844,0.008929,0.008113,0.007384,0.006731,0.006145,0.005617,0.005142,0.004712,0.004324,0.003972,0.003653,0.003362,0.003097,0.002855,0.002634,0.002432,0.002246,0.002076,0.001919,0.001776,0.001643,0.001521,0.001408,0.001302,0.001205,0.001116,0.001034,0.000958,0.000887,0.000821,0.000759,0.000702,0.000648,0.000598,0.000551,0.000507,0.000465,0.000426,0.000389,0.000353,0.000319,0.000287,0.000256,0.000225,0.000196,0.000167,0.000138,0.000109,0.000081,0.000053,0.000024,-0.000007,-0.000037,-0.000067,-0.000099,-0.000132,-0.000166,-0.000202,-0.000239,-0.000278,-0.000318,-0.000360,-0.000405,-0.000451,-0.000500,-0.000551,-0.000604,-0.000660,-0.000717,-0.000777,-0.000838,-0.000901,-0.000963,-0.001025,-0.001083,-0.001136,-0.001179,-0.001208,-0.001215,-0.001190,-0.001121,-0.000992,-0.000786,-0.000487,-0.000105,0.000319,0.000595,0.000338,-0.001452,-0.006419,-0.017952,-0.040109,-0.080261,-0.143208,-0.243185,-0.391340,-0.526834,-0.585376
0.112183,0.125458,0.139362,0.126834,0.112177,0.098148,0.085757,0.075114,0.066049,0.058308,0.051651,0.045877,0.040823,0.036364,0.032403,0.028863,0.025692,0.022844,0.020290,0.018007,0.015973,0.014170,0.012579,0.011179,0.009950,0.008874,0.007933,0.007110,0.006389,0.005756,0.005198,0.004704,0.004267,0.003879,0.003532,0.003221,0.002943,0.002693,0.002468,0.002264,0.002079,0.001912,0.001760,0.001622,0.001495,0.001380,0.001274,0.001177,0.001088,0.001007,0.000932,0.000862,0.000798,0.000738,0.000683,0.000633,0.000588,0.000546,0.000505,0.000467,0.000433,0.000401,0.000372,0.000343,0.000317,0.000293,0.000269,0.000248,0.000227,0.000208,0.000189,0.000171,0.000155,0.000138,0.000122,0.000107,0.000092,0.000077,0.000062,0.000047,0.000032,0.000016,0.000001,-0.000014,-0.000030,-0.000047,-0.000064,-0.000081,-0.000100,-0.000118,-0.000138,-0.000159,-0.000180,-0.000202,-0.000225,-0.000249,-0.000273,-0.000298,-0.000324,-0.000350,-0.000376,-0.000402,-0.000426,-0.000448,-0.000466,-0.000479,-0.000484,-0.000477,-0.000454,-0.000407,-0.000332,-0.000216,-0.000059,0.000150,0.000371,0.000581,0.000550,0.000093,-0.001710,-0.005476,-0.014109,-0.028421,-0.056110,-0.094798,-0.168252,-0.272185,-0.461080,-0.577951
0.120230,0.117225,0.105194,0.084649,0.069098,0.056867,0.047272,0.039682,0.033612,0.028695,0.024661,0.021310,0.018491,0.016094,0.014034,0.012250,0.010697,0.009337,0.008147,0.007108,0.006202,0.005416,0.004738,0.004151,0.003647,0.003215,0.002845,0.002528,0.002256,0.002021,0.001815,0.001637,0.001480,0.001342,0.001219,0.001110,0.001013,0.000927,0.000848,0.000777,0.000714,0.000656,0.000604,0.000557,0.000513,0.000473,0.000437,0.000404,0.000374,0.000346,0.000321,0.000297,0.000275,0.000254,0.000235,0.000219,0.000204,0.000189,0.000174,0.000161,0.000151,0.000140,0.000129,0.000120,0.000112,0.000103,0.000095,0.000087,0.000081,0.000075,0.000068,0.000062,0.000057,0.000051,0.000046,0.000041,0.000036,0.000031,0.000026,0.000021,0.000017,0.000011,0.000007,0.000002,-0.000003,-0.000009,-0.000014,-0.000019,-0.000025,-0.000031,-0.000036,-0.000042,-0.000049,-0.000055,-0.000061,-0.000068,-0.000075,-0.000082,-0.000088,-0.000094,-0.000101,-0.000106,-0.000110,-0.000113,-0.000113,-0.000110,-0.000103,-0.000090,-0.000069,-0.000036,0.000009,0.000074,0.000149,0.000253,0.000329,0.000415,0.000275,0.000018,-0.001195,-0.002911,-0.007771,-0.013510,-0.028166,-0.041590,-0.083423,-0.123356,-0.301296,-0.435627
-0.000000,-0.000000,-0.000000,-0.000000,-0.000000,-0.000000,-0.000000,-0.000000,-0.000000,-0.000000,-0.000000,-0.000000,-0.000000,-0.000000,-0.000000,-0.000000,-0.000000,-0.000000,-0.000000,-0.000000,-0.000000,-0.000000,-0.000000,-0.000000,-0.000000,-0.000000,-0.000000,-0.000000,-0.000000,-0.000000,-0.000000,-0.000000,-0.000000,-0.000000,-0.000000,-0.000000,-0.000000,-0.000000,-0.000000,-0.000000,-0.000000,-0.000000,-0.000000,-0.000000,-0.000000,-0.000000,-0.000000,-0.000000,-0.000000,-0.000000,-0.000000,-0.000000,-0.000000,-0.000000,-0.000000,-0.000000,-0.000000,-0.000000,-0.000000,-0.000000,-0.000000,-0.000000,-0.000000,-0.000000,-0.000000,-0.000000,-0.000000,-0.000000,-0.000000,-0.000000,-0.000000,-0.000000,-0.000000,-0.000000,-0.000000,-0.000000,-0.000000,-0.000000,-0.000000,-0.000000,-0.000000,-0.000000,-0.000000,-0.000000,-0.000000,-0.000000,-0.000000,-0.000000,-0.000000,-0.000000,-0.000000,-0.000000,-0.000000,-0.000000,-0.000000,-0.000000,-0.000000,-0.000000,-0.000000,-0.000000,-0.000000,-0.000000,-0.000000,-0.000000,-0.000000,-0.000000,-0.000000,-0.000000,-0.000000,-0.000000,-0.000000,-0.000000,-0.000000,-0.000000,-0.000000,-0.000000,-0.000000,-0.000000,-0.000000,-0.000000,-0.000000,-0.000000,-0.000000,-0.000000,-0.000000,-0.000000,-0.000000,-0.000000
